Sample	bam_file	total_reads	mapped_reads	mapped_bases	sequenced_bases	mean_insert_size	median_insert_size	mean_mapping_quality	general_error_rate	mean_coverage	percentage_aligned
S001_BJ20190416162PTS_sort_dedup_realigned_recal	S001_BJ20190416162PTS_sort_dedup_realigned_recal.bam	275589300.0	275481142.0	21349738095.0	21347700824.0	12481.3882	175.0	57.2527	0.0034	353.1394	99.96075391896565
S001_SZ20200107041PES_sort_dedup_realigned_recal	S001_SZ20200107041PES_sort_dedup_realigned_recal.bam	76655586.0	76618564.0	4709892096.0	4709443996.0	91627.2809	139.0	57.1688	0.0036	77.9049	99.95170345446188
S002_BJ20190416068PTS_sort_dedup_realigned_recal	S002_BJ20190416068PTS_sort_dedup_realigned_recal.bam	187605848.0	187557656.0	13335592773.0	13334329865.0	6149.1725	130.0	57.1465	0.0031	220.5799	99.97431210140103
S002_BJ20190416127PES_sort_dedup_realigned_recal	S002_BJ20190416127PES_sort_dedup_realigned_recal.bam	295979634.0	295826869.0	21239495945.0	21237285475.0	10628.1297	148.0	57.1633	0.0049	351.316	99.94838665149508
S002_BJ20190416163PES_sort_dedup_realigned_recal	S002_BJ20190416163PES_sort_dedup_realigned_recal.bam	220307174.0	220234038.0	16930152243.0	16928559099.0	45831.1342	166.0	57.2037	0.0032	280.0364	99.96680271519438
S002_SZ20191229040PES_sort_dedup_realigned_recal	S002_SZ20191229040PES_sort_dedup_realigned_recal.bam	206732142.0	206329382.0	12543390607.0	12541889591.0	40055.0715	125.0	57.0681	0.0035	207.4764	99.80517785183109
S002_SZ20191229055PTS_sort_dedup_realigned_recal	S002_SZ20191229055PTS_sort_dedup_realigned_recal.bam	86064706.0	86030736.0	6108473855.0	6107674438.0	9791.9061	156.0	57.265	0.0039	101.0384	99.9605296972722
S003_BJ20190416128PTS_sort_dedup_realigned_recal	S003_BJ20190416128PTS_sort_dedup_realigned_recal.bam	340553138.0	340379330.0	24364919914.0	24362410023.0	11195.3333	155.0	57.1787	0.0053	403.0126	99.94896303084425
S003_BJ20190416164PTS_sort_dedup_realigned_recal	S003_BJ20190416164PTS_sort_dedup_realigned_recal.bam	228269216.0	228192863.0	17793578232.0	17791863646.0	8444.0637	167.0	57.2635	0.0033	294.3181	99.96655133734721
S003_SZ20191229041PES_sort_dedup_realigned_recal	S003_SZ20191229041PES_sort_dedup_realigned_recal.bam	160254528.0	160158103.0	10133205004.0	10131912257.0	110655.4291	137.0	57.0491	0.0038	167.6102	99.9398300932876
S003_SZ20200107045PES_sort_dedup_realigned_recal	S003_SZ20200107045PES_sort_dedup_realigned_recal.bam	78087742.0	78064422.0	5554904520.0	5554280985.0	32387.6842	190.0	57.3335	0.0037	91.882	99.97013615786202
S004_BJ20190416165PES_sort_dedup_realigned_recal	S004_BJ20190416165PES_sort_dedup_realigned_recal.bam	277040558.0	276913027.0	21699068941.0	21696857097.0	7521.853	165.0	57.2428	0.0038	358.9176	99.95396666794181
S004_SZ20191229042PES_sort_dedup_realigned_recal	S004_SZ20191229042PES_sort_dedup_realigned_recal.bam	204354870.0	204246055.0	13566786629.0	13565235274.0	80853.0224	140.0	57.145	0.0038	224.404	99.94675194185487
S004_SZ20200107046PES_sort_dedup_realigned_recal	S004_SZ20200107046PES_sort_dedup_realigned_recal.bam	74026550.0	74004637.0	5170378104.0	5169803422.0	41670.2761	162.0	57.2676	0.0038	85.5216	99.97039845839095
S005_BJ20190416166PTS_sort_dedup_realigned_recal	S005_BJ20190416166PTS_sort_dedup_realigned_recal.bam	220783296.0	220712360.0	16878154387.0	16876604870.0	10023.0067	167.0	57.2715	0.0032	279.1764	99.96787075775877
S005_SZ20191229043PES_sort_dedup_realigned_recal	S005_SZ20191229043PES_sort_dedup_realigned_recal.bam	186672842.0	186562705.0	12253432941.0	12251995749.0	126961.6466	148.0	57.144	0.0036	202.6803	99.94099998756113
S005_SZ20191229068PTS_sort_dedup_realigned_recal	S005_SZ20191229068PTS_sort_dedup_realigned_recal.bam	95528346.0	95499434.0	6793456092.0	6792704748.0	61514.6497	180.0	57.2793	0.0036	112.3685	99.96973463771685
S006_BJ20190416131PES_sort_dedup_realigned_recal	S006_BJ20190416131PES_sort_dedup_realigned_recal.bam	366974414.0	366780935.0	27154401483.0	27151061866.0	16152.1218	155.0	57.1581	0.0054	449.1526	99.94727725077858
S006_BJ20190416150PTS_sort_dedup_realigned_recal	S006_BJ20190416150PTS_sort_dedup_realigned_recal.bam	204955520.0	204909892.0	15341844563.0	15340172599.0	4405.02	135.0	57.1684	0.0032	253.7647	99.97773760862844
S006_BJ20190416167PES_sort_dedup_realigned_recal	S006_BJ20190416167PES_sort_dedup_realigned_recal.bam	250427122.0	250327119.0	19657485421.0	19655623252.0	19201.9189	169.0	57.2349	0.0036	325.1484	99.96006702500858
S006_SZ20191229045PES_sort_dedup_realigned_recal	S006_SZ20191229045PES_sort_dedup_realigned_recal.bam	174728834.0	174610811.0	10989094044.0	10987818928.0	74192.8166	129.0	57.0536	0.0039	181.7672	99.93245362124948
S006_SZ20191229069PTS_sort_dedup_realigned_recal	S006_SZ20191229069PTS_sort_dedup_realigned_recal.bam	78925730.0	78902400.0	5502681640.0	5502090258.0	90187.7615	205.0	57.3182	0.0038	91.0182	99.97044056481961
S007_BJ20190416101PES_sort_dedup_realigned_recal	S007_BJ20190416101PES_sort_dedup_realigned_recal.bam	231460622.0	231376770.0	17160734147.0	17159072105.0	9379.1539	139.0	57.2205	0.0037	283.8504	99.9637726714482
S007_BJ20190416132PTS_sort_dedup_realigned_recal	S007_BJ20190416132PTS_sort_dedup_realigned_recal.bam	294840014.0	294677574.0	20905903393.0	20903867225.0	8949.3074	148.0	57.1603	0.0052	345.7981	99.94490571418844
S007_SZ20191229051PES_sort_dedup_realigned_recal	S007_SZ20191229051PES_sort_dedup_realigned_recal.bam	213426112.0	213293513.0	12698473509.0	12697078639.0	35347.5243	150.0	57.1773	0.0037	210.0415	99.93787123854835
S008_BJ20190416102PTS_sort_dedup_realigned_recal	S008_BJ20190416102PTS_sort_dedup_realigned_recal.bam	190953078.0	190884584.0	13694436777.0	13693156214.0	14490.2674	147.0	57.2482	0.0033	226.5155	99.96413045512679
S008_BJ20190416134PTS_sort_dedup_realigned_recal	S008_BJ20190416134PTS_sort_dedup_realigned_recal.bam	364082972.0	363910718.0	26232671751.0	26229962731.0	10391.9484	154.0	57.1684	0.005	433.9065	99.95268825700533
S008_SZ20191229052PES_sort_dedup_realigned_recal	S008_SZ20191229052PES_sort_dedup_realigned_recal.bam	196515420.0	196424383.0	11511560200.0	11510341786.0	42257.7922	145.0	57.1626	0.0038	190.4092	99.95367437323748
S009102_BJ20190416149PES_sort_dedup_realigned_recal	S009102_BJ20190416149PES_sort_dedup_realigned_recal.bam	426322750.0	426076182.0	28829363008.0	28826155084.0	11425.2835	119.0	57.0116	0.0036	476.8576	99.94216400602595
S009_BJ20190416036PTS_sort_dedup_realigned_recal	S009_BJ20190416036PTS_sort_dedup_realigned_recal.bam	252249116.0	252166847.0	17393307465.0	17391663922.0	67899.5005	148.0	57.1697	0.0037	287.6973	99.96738581236495
S009_BJ20190416149PES_sort_dedup_realigned_recal	S009_BJ20190416149PES_sort_dedup_realigned_recal.bam	148437836.0	148385328.0	10467999297.0	10466892166.0	3831.0145	126.0	57.128	0.0034	173.148	99.96462626954492
S009_SZ20191229056PES_sort_dedup_realigned_recal	S009_SZ20191229056PES_sort_dedup_realigned_recal.bam	205219252.0	205120878.0	12097085378.0	12095681126.0	27515.1314	135.0	57.1196	0.0042	200.0942	99.95206395158287
S010_BJ20190416037PES_sort_dedup_realigned_recal	S010_BJ20190416037PES_sort_dedup_realigned_recal.bam	291348456.0	291253006.0	21552548523.0	21550427204.0	49683.1569	160.0	57.2249	0.0033	356.4941	99.96723854270229
S010_SZ20191229057PES_sort_dedup_realigned_recal	S010_SZ20191229057PES_sort_dedup_realigned_recal.bam	239821058.0	239731687.0	15160171326.0	15158626014.0	44049.5078	158.0	57.1882	0.0037	250.7597	99.96273429833671
S011_BJ20190416038PTS_sort_dedup_realigned_recal	S011_BJ20190416038PTS_sort_dedup_realigned_recal.bam	249253954.0	249174127.0	18333299362.0	18331479827.0	9130.083	152.0	57.2716	0.0034	303.2455	99.96797362741134
S011_SZ20200107044PES_sort_dedup_realigned_recal	S011_SZ20200107044PES_sort_dedup_realigned_recal.bam	205295200.0	205216958.0	13319232720.0	13316828483.0	16338.8373	179.0	57.2831	0.0037	220.3093	99.96188805193692
S012_BJ20190416039PES_sort_dedup_realigned_recal	S012_BJ20190416039PES_sort_dedup_realigned_recal.bam	267535322.0	267434072.0	18571218407.0	18569317735.0	80826.3148	136.0	57.0324	0.0033	307.1808	99.96215453001007
S012_SZ20191229058PES_sort_dedup_realigned_recal	S012_SZ20191229058PES_sort_dedup_realigned_recal.bam	210922970.0	210827857.0	13227809083.0	13226262788.0	94311.9173	169.0	57.1745	0.0042	218.7971	99.95490628640398
S013_BJ20190416040PTS_sort_dedup_realigned_recal	S013_BJ20190416040PTS_sort_dedup_realigned_recal.bam	275698994.0	275611930.0	20093594045.0	20091697731.0	39898.0472	158.0	57.1818	0.0031	332.3619	99.96842063195922
S014_BJ20190416041PES_sort_dedup_realigned_recal	S014_BJ20190416041PES_sort_dedup_realigned_recal.bam	317019668.0	316910561.0	23661246354.0	23658795122.0	30576.394	150.0	57.2095	0.0033	391.3734	99.96558352335414
S015_BJ20190416006PTS_sort_dedup_realigned_recal	S015_BJ20190416006PTS_sort_dedup_realigned_recal.bam	200133016.0	200028019.0	14959249181.0	14957840214.0	17330.9269	150.0	57.2084	0.0036	247.4363	99.94753639249609
S015_BJ20190416042PTS_sort_dedup_realigned_recal	S015_BJ20190416042PTS_sort_dedup_realigned_recal.bam	279166352.0	279060125.0	19769482474.0	19767634883.0	9019.322	145.0	57.2152	0.0034	327.0009	99.96194849442314
S016_BJ20190416011PES_sort_dedup_realigned_recal	S016_BJ20190416011PES_sort_dedup_realigned_recal.bam	176768684.0	176716673.0	13188569128.0	13187348843.0	26898.3561	165.0	57.2388	0.0038	218.1481	99.97057680194078
S016_BJ20190416043PES_sort_dedup_realigned_recal	S016_BJ20190416043PES_sort_dedup_realigned_recal.bam	309256346.0	309150595.0	22359546899.0	22357461254.0	40562.8978	149.0	57.154	0.0031	369.8424	99.96580474374485
S017_BJ20190416012PTS_sort_dedup_realigned_recal	S017_BJ20190416012PTS_sort_dedup_realigned_recal.bam	209990570.0	209923866.0	16003486148.0	16002058221.0	46603.8327	175.0	57.233	0.0032	264.7087	99.96823476406583
S018_BJ20190416018PTS_sort_dedup_realigned_recal	S018_BJ20190416018PTS_sort_dedup_realigned_recal.bam	205787062.0	205729506.0	15954129722.0	15952690318.0	33164.6316	182.0	57.3212	0.003	263.8923	99.97203128348274
S019_BJ20190416021PES_sort_dedup_realigned_recal	S019_BJ20190416021PES_sort_dedup_realigned_recal.bam	312644342.0	312538028.0	23663340683.0	23660894217.0	5967.5698	144.0	57.2366	0.0035	391.408	99.9659952266144
S020_BJ20190416022PTS_sort_dedup_realigned_recal	S020_BJ20190416022PTS_sort_dedup_realigned_recal.bam	298722880.0	298629257.0	22858982501.0	22856713807.0	6477.6115	153.0	57.2633	0.0035	378.1034	99.9686589122333
S021_BJ20190416023PES_sort_dedup_realigned_recal	S021_BJ20190416023PES_sort_dedup_realigned_recal.bam	212806218.0	212749882.0	15736956151.0	15735129724.0	5653.2098	138.0	57.1707	0.0039	260.3001	99.97352708932593
S022_BJ20190416024PTS_sort_dedup_realigned_recal	S022_BJ20190416024PTS_sort_dedup_realigned_recal.bam	213539370.0	213479916.0	14715423651.0	14713980822.0	4675.5534	129.0	57.1395	0.0038	243.4033	99.9721578273833
S023_BJ20190416087PES_sort_dedup_realigned_recal	S023_BJ20190416087PES_sort_dedup_realigned_recal.bam	246645292.0	246574786.0	19117615812.0	19115529790.0	12404.2197	170.0	57.2597	0.0032	316.2186	99.97141400939451
S023_BJ20190424001PES_sort_dedup_realigned_recal	S023_BJ20190424001PES_sort_dedup_realigned_recal.bam	262890956.0	262807801.0	18673094601.0	18671322205.0	12754.476	134.0	57.1197	0.0036	308.8659	99.96836901456587
S024_BJ20190416088PTS_sort_dedup_realigned_recal	S024_BJ20190416088PTS_sort_dedup_realigned_recal.bam	195930582.0	195883937.0	14318603116.0	14317344104.0	13268.675	155.0	57.2546	0.003	236.8396	99.97619309883946
S024_BJ20190424002PES_sort_dedup_realigned_recal	S024_BJ20190424002PES_sort_dedup_realigned_recal.bam	251983780.0	251912914.0	18993448548.0	18991567319.0	28375.7334	148.0	57.1596	0.004	314.1648	99.97187676127407
S025_BJ20190416052PTS_sort_dedup_realigned_recal	S025_BJ20190416052PTS_sort_dedup_realigned_recal.bam	251440436.0	251369668.0	18261725507.0	18260021744.0	23304.1878	158.0	57.2308	0.0034	302.0616	99.97185496448948
S025_BJ20190416089PES_sort_dedup_realigned_recal	S025_BJ20190416089PES_sort_dedup_realigned_recal.bam	181149476.0	177502188.0	12617735302.0	12616534165.0	41271.9634	155.0	57.1234	0.0035	208.7061	97.98658650273987
S025_BJ20190424003PTS_sort_dedup_realigned_recal	S025_BJ20190424003PTS_sort_dedup_realigned_recal.bam	242225116.0	242156344.0	17926238980.0	17924440493.0	8827.1836	142.0	57.1728	0.0043	296.5124	99.97160822909875
S026_BJ20190416057PES_sort_dedup_realigned_recal	S026_BJ20190416057PES_sort_dedup_realigned_recal.bam	232486672.0	232429241.0	18136361075.0	18134622314.0	49706.2564	167.0	57.2135	0.0033	299.988	99.97529707853532
S026_BJ20190416090PTS_sort_dedup_realigned_recal	S026_BJ20190416090PTS_sort_dedup_realigned_recal.bam	203059584.0	202626396.0	14207967704.0	14206622322.0	11273.8555	140.0	57.1567	0.0037	235.0096	99.78666951272785
S026_BJ20190424011PTS_sort_dedup_realigned_recal	S026_BJ20190424011PTS_sort_dedup_realigned_recal.bam	218071704.0	218020572.0	15919889495.0	15918415868.0	9696.2314	143.0	57.1993	0.0034	263.326	99.9765526663652
S026_SZ20200107043PES_sort_dedup_realigned_recal	S026_SZ20200107043PES_sort_dedup_realigned_recal.bam	124166996.0	123905180.0	8904002694.0	8902918428.0	5997.3441	134.0	57.2066	0.0033	147.2784	99.78914203577898
S027_BJ20190416058PTS_sort_dedup_realigned_recal	S027_BJ20190416058PTS_sort_dedup_realigned_recal.bam	206742984.0	206690217.0	15394885938.0	15393518965.0	18422.2589	155.0	57.2255	0.0032	254.6421	99.97447700571063
S027_BJ20190416095PES_sort_dedup_realigned_recal	S027_BJ20190416095PES_sort_dedup_realigned_recal.bam	179473362.0	179404136.0	11851337025.0	11850319257.0	15777.1633	130.0	57.1218	0.0031	196.0293	99.96142825919759
S027_BJ20190424015PTS_sort_dedup_realigned_recal	S027_BJ20190424015PTS_sort_dedup_realigned_recal.bam	276659604.0	276584948.0	20943289493.0	20941205116.0	7745.0506	147.0	57.2404	0.0037	346.4165	99.97301521475467
S028_BJ20190416077PES_sort_dedup_realigned_recal	S028_BJ20190416077PES_sort_dedup_realigned_recal.bam	336761856.0	336651192.0	25993569131.0	25990763046.0	16982.7446	157.0	57.2016	0.0031	429.9516	99.9671387961468
S028_BJ20190416096PTS_sort_dedup_realigned_recal	S028_BJ20190416096PTS_sort_dedup_realigned_recal.bam	204969498.0	204909420.0	13904182321.0	13903013642.0	7790.3763	134.0	57.1619	0.0032	229.9848	99.97068929739
S028_BJ20190424016PES_sort_dedup_realigned_recal	S028_BJ20190424016PES_sort_dedup_realigned_recal.bam	277899768.0	277821617.0	21315038439.0	21312852417.0	10686.7617	150.0	57.2001	0.0033	352.5655	99.97187799019682
S029_BJ20190416078PTS_sort_dedup_realigned_recal	S029_BJ20190416078PTS_sort_dedup_realigned_recal.bam	215297200.0	215241055.0	16410522887.0	16408995128.0	7635.8346	163.0	57.2632	0.0031	271.4414	99.97392209466727
S029_BJ20190416098PTS_sort_dedup_realigned_recal	S029_BJ20190416098PTS_sort_dedup_realigned_recal.bam	241488572.0	241411473.0	17976954711.0	17975278326.0	11503.2995	157.0	57.2872	0.0032	297.3513	99.96807343744614
S029_BJ20190424017PES_sort_dedup_realigned_recal	S029_BJ20190424017PES_sort_dedup_realigned_recal.bam	281656116.0	281576709.0	21502438063.0	21500023763.0	38057.9019	155.0	57.1656	0.0035	355.6652	99.97180710963151
S030_BJ20190416081PES_sort_dedup_realigned_recal	S030_BJ20190416081PES_sort_dedup_realigned_recal.bam	270004484.0	269919993.0	21012684624.0	21010757387.0	22752.6776	165.0	57.2324	0.0033	347.5643	99.96870755672339
S030_BJ20190416099PES_sort_dedup_realigned_recal	S030_BJ20190416099PES_sort_dedup_realigned_recal.bam	202356106.0	202310783.0	14775808890.0	14774350001.0	18298.6661	165.0	57.2463	0.0032	244.4021	99.97760235611571
S030_BJ20190424020PTS_sort_dedup_realigned_recal	S030_BJ20190424020PTS_sort_dedup_realigned_recal.bam	198704572.0	198661174.0	14343409943.0	14342210991.0	11717.4105	148.0	57.2204	0.0029	237.2499	99.97815953625869
S031_BJ20190416082PTS_sort_dedup_realigned_recal	S031_BJ20190416082PTS_sort_dedup_realigned_recal.bam	257718364.0	257639193.0	20054565185.0	20052655724.0	7776.6486	166.0	57.2573	0.0033	331.7164	99.96928003159293
S031_BJ20190424027DNA_sort_dedup_realigned_recal	S031_BJ20190424027DNA_sort_dedup_realigned_recal.bam	88017278.0	88003981.0	6839667873.0	6839112860.0	30640.7732	183.0	57.3447	0.0029	113.1328	99.98489273890065
S032_BJ20190416085PES_sort_dedup_realigned_recal	S032_BJ20190416085PES_sort_dedup_realigned_recal.bam	274408550.0	274320537.0	21134119029.0	21132127989.0	26633.5598	164.0	57.2081	0.0033	349.573	99.96792629092643
S032_BJ20190424029DNA_sort_dedup_realigned_recal	S032_BJ20190424029DNA_sort_dedup_realigned_recal.bam	120255214.0	120232097.0	9590011668.0	9589203960.0	11074.3169	179.0	57.3834	0.0029	158.6254	99.98077671709103
S033_BJ20190416100PTS_sort_dedup_realigned_recal	S033_BJ20190416100PTS_sort_dedup_realigned_recal.bam	250922624.0	250845626.0	19036121468.0	19034270292.0	12545.1767	168.0	57.2592	0.0036	314.8706	99.96931404638906
S033_BJ20190424030DNA_sort_dedup_realigned_recal	S033_BJ20190424030DNA_sort_dedup_realigned_recal.bam	92180454.0	92162338.0	7166747064.0	7166134814.0	23239.4319	177.0	57.3945	0.003	118.543	99.98034724367922
S034_BJ20190416111PES_sort_dedup_realigned_recal	S034_BJ20190416111PES_sort_dedup_realigned_recal.bam	269067414.0	268988822.0	20869122952.0	20867034513.0	17454.0233	170.0	57.2394	0.0038	345.1897	99.97079096318961
S034_BJ20190424031DNA_sort_dedup_realigned_recal	S034_BJ20190424031DNA_sort_dedup_realigned_recal.bam	125061864.0	125034266.0	9911486210.0	9910585726.0	12212.4448	176.0	57.3094	0.0032	163.9428	99.97793252145995
S035_BJ20190416113PES_sort_dedup_realigned_recal	S035_BJ20190416113PES_sort_dedup_realigned_recal.bam	223532556.0	223467590.0	16804317552.0	16802242432.0	31931.7167	155.0	57.2562	0.0033	277.955	99.97093667197184
S035_BJ20190424032DNA_sort_dedup_realigned_recal	S035_BJ20190424032DNA_sort_dedup_realigned_recal.bam	144760544.0	144731930.0	11311433820.0	11310458845.0	9985.8002	164.0	57.3508	0.0029	187.0989	99.98023356419552
S036_BJ20190416076PTS_sort_dedup_realigned_recal	S036_BJ20190416076PTS_sort_dedup_realigned_recal.bam	248674010.0	248582373.0	19069508232.0	19067819259.0	13134.5915	167.0	57.3104	0.0032	315.4229	99.963149747736
S036_BJ20190416114PTS_sort_dedup_realigned_recal	S036_BJ20190416114PTS_sort_dedup_realigned_recal.bam	211915866.0	211853487.0	15720283715.0	15718838196.0	13849.084	150.0	57.2681	0.0034	260.0244	99.9705642615735
S036_BJ20190424033DNA_sort_dedup_realigned_recal	S036_BJ20190424033DNA_sort_dedup_realigned_recal.bam	114444828.0	114419940.0	9007826083.0	9007083883.0	11305.8424	175.0	57.3101	0.0031	148.9957	99.9782532767667
S037_BJ20190416080PTS_sort_dedup_realigned_recal	S037_BJ20190416080PTS_sort_dedup_realigned_recal.bam	235117332.0	235022061.0	18037850921.0	18036146322.0	24188.9825	169.0	57.2242	0.0033	298.3585	99.9594793802781
S037_BJ20190416116PTS_sort_dedup_realigned_recal	S037_BJ20190416116PTS_sort_dedup_realigned_recal.bam	243057198.0	242958712.0	17248001596.0	17246320897.0	8963.6006	135.0	57.1527	0.0043	285.2939	99.95948031952545
S037_BJ20190424034DNA_sort_dedup_realigned_recal	S037_BJ20190424034DNA_sort_dedup_realigned_recal.bam	97849964.0	97831773.0	7988395046.0	7987735272.0	9232.5832	179.0	57.4147	0.0031	132.1336	99.9814092931092
S038_BJ20190416083PES_sort_dedup_realigned_recal	S038_BJ20190416083PES_sort_dedup_realigned_recal.bam	223738834.0	223635739.0	15969928026.0	15968435292.0	88365.741	145.0	57.0891	0.0031	264.1537	99.95392172286014
S038_BJ20190416117PES_sort_dedup_realigned_recal	S038_BJ20190416117PES_sort_dedup_realigned_recal.bam	215331880.0	215269441.0	16194006091.0	16192503964.0	15780.7437	158.0	57.2954	0.0036	267.8601	99.97100336466667
S038_BJ20190424035DNA_sort_dedup_realigned_recal	S038_BJ20190424035DNA_sort_dedup_realigned_recal.bam	86496462.0	86478124.0	6761709106.0	6761138434.0	25404.8054	179.0	57.3322	0.0031	111.8433	99.97879913284777
S039_BJ20190416118PTS_sort_dedup_realigned_recal	S039_BJ20190416118PTS_sort_dedup_realigned_recal.bam	223951350.0	223885631.0	16762181524.0	16760604693.0	38985.6039	160.0	57.2632	0.0036	277.2581	99.9706547873009
S039_BJ20190416137PES_sort_dedup_realigned_recal	S039_BJ20190416137PES_sort_dedup_realigned_recal.bam	251426150.0	251320524.0	18800331253.0	18798511934.0	55836.6027	157.0	57.2004	0.0035	310.9705	99.95798925449878
S039_BJ20190424036DNA_sort_dedup_realigned_recal	S039_BJ20190424036DNA_sort_dedup_realigned_recal.bam	102539004.0	102520352.0	7893746161.0	7893081877.0	33389.2178	180.0	57.3844	0.003	130.568	99.98180984866988
S040_BJ20190416120PTS_sort_dedup_realigned_recal	S040_BJ20190416120PTS_sort_dedup_realigned_recal.bam	211668150.0	211618138.0	16139360071.0	16137795004.0	13972.2087	162.0	57.3008	0.0034	266.9562	99.97637244904347
S040_BJ20190416138PTS_sort_dedup_realigned_recal	S040_BJ20190416138PTS_sort_dedup_realigned_recal.bam	251119532.0	251040787.0	18779072160.0	18777344972.0	8420.216	152.0	57.2757	0.003	310.6188	99.9686424232425
S040_BJ20190424037DNA_sort_dedup_realigned_recal	S040_BJ20190424037DNA_sort_dedup_realigned_recal.bam	89436928.0	89421425.0	6970389620.0	6969799316.0	35736.5067	182.0	57.3472	0.0031	115.2951	99.98266599675696
S041_BJ20190416084PTS_sort_dedup_realigned_recal	S041_BJ20190416084PTS_sort_dedup_realigned_recal.bam	331965506.0	331835715.0	25410500072.0	25408293013.0	17747.7662	169.0	57.2308	0.0029	420.3073	99.96090226314055
S041_BJ20190424038DNA_sort_dedup_realigned_recal	S041_BJ20190424038DNA_sort_dedup_realigned_recal.bam	138634258.0	138597086.0	10861777790.0	10860849951.0	13083.3686	175.0	57.3044	0.003	179.6613	99.97318700259498
S042_BJ20190424028DNA_sort_dedup_realigned_recal	S042_BJ20190424028DNA_sort_dedup_realigned_recal.bam	323333486.0	323235181.0	25411731192.0	25409623506.0	9545.8816	182.0	57.2666	0.0029	420.3276	99.96959640610808
S042_BJ20190424039DNA_sort_dedup_realigned_recal	S042_BJ20190424039DNA_sort_dedup_realigned_recal.bam	105492998.0	105469561.0	8152812379.0	8152154116.0	24406.4425	177.0	57.3267	0.003	134.8532	99.97778335961218
S043_BJ20190424040DNA_sort_dedup_realigned_recal	S043_BJ20190424040DNA_sort_dedup_realigned_recal.bam	98231618.0	98213010.0	7631667275.0	7631018949.0	37005.8717	182.0	57.33	0.0031	126.2331	99.98105701567493
S043_BJ20190426001DNA_sort_dedup_realigned_recal	S043_BJ20190426001DNA_sort_dedup_realigned_recal.bam	380434584.0	380274836.0	29915449295.0	29912885069.0	9713.2129	182.0	57.3165	0.003	494.8222	99.9580090752212
S044_BJ20190424041DNA_sort_dedup_realigned_recal	S044_BJ20190424041DNA_sort_dedup_realigned_recal.bam	84910592.0	84894995.0	6576644245.0	6576088368.0	18970.9421	188.0	57.4193	0.0029	108.7822	99.98163126692134
S044_SZ20200107024DNA_sort_dedup_realigned_recal	S044_SZ20200107024DNA_sort_dedup_realigned_recal.bam	139074812.0	139018867.0	10303816916.0	10302813331.0	53407.8729	204.0	57.3029	0.0031	170.4323	99.95977344912751
S045_BJ20190424042DNA_sort_dedup_realigned_recal	S045_BJ20190424042DNA_sort_dedup_realigned_recal.bam	132778962.0	132746548.0	10375077400.0	10374226524.0	12091.1741	170.0	57.2894	0.0031	171.611	99.97558800015321
S045_SZ20200107029DNA_sort_dedup_realigned_recal	S045_SZ20200107029DNA_sort_dedup_realigned_recal.bam	126774876.0	126729993.0	9533701462.0	9532814788.0	30636.715	183.0	57.3092	0.003	157.694	99.96459629745566
S046_BJ20190424043DNA_sort_dedup_realigned_recal	S046_BJ20190424043DNA_sort_dedup_realigned_recal.bam	90096508.0	90077385.0	7040661714.0	7040091836.0	16764.1055	183.0	57.343	0.003	116.4574	99.97877498204481
S046_SZ20200107032DNA_sort_dedup_realigned_recal	S046_SZ20200107032DNA_sort_dedup_realigned_recal.bam	109679894.0	109643806.0	8167636718.0	8166905681.0	33163.4904	179.0	57.3644	0.0029	135.0984	99.96709697768308
S047_BJ20190416044PTS_sort_dedup_realigned_recal	S047_BJ20190416044PTS_sort_dedup_realigned_recal.bam	255372538.0	255287373.0	18990752517.0	18988878713.0	18892.6791	155.0	57.2031	0.0037	314.1202	99.96665068191474
S047_BJ20190424044DNA_sort_dedup_realigned_recal	S047_BJ20190424044DNA_sort_dedup_realigned_recal.bam	90239974.0	90223679.0	7066604935.0	7065997207.0	25102.2312	175.0	57.3261	0.0032	116.8865	99.98194259231502
S047_SZ20200107035DNA_sort_dedup_realigned_recal	S047_SZ20200107035DNA_sort_dedup_realigned_recal.bam	109299232.0	109259295.0	8088240165.0	8087523142.0	23276.7639	176.0	57.313	0.0031	133.7851	99.9634608594505
S048_BJ20190416045PES_sort_dedup_realigned_recal	S048_BJ20190416045PES_sort_dedup_realigned_recal.bam	255221326.0	255128002.0	19314318760.0	19311945173.0	47015.5825	163.0	57.1844	0.0035	319.4722	99.9634340901434
S048_BJ20190424045DNA_sort_dedup_realigned_recal	S048_BJ20190424045DNA_sort_dedup_realigned_recal.bam	112115326.0	112088993.0	8851076728.0	8850329648.0	11967.9903	168.0	57.3041	0.0032	146.4029	99.97651257777193
S048_SZ20200107038DNA_sort_dedup_realigned_recal	S048_SZ20200107038DNA_sort_dedup_realigned_recal.bam	105270402.0	105234861.0	7852184256.0	7851475465.0	22299.8269	177.0	57.3077	0.003	129.8806	99.96623837344137
S049_BJ20190416046PTS_sort_dedup_realigned_recal	S049_BJ20190416046PTS_sort_dedup_realigned_recal.bam	113037296.0	112978033.0	8530605245.0	8529745223.0	16893.3904	165.0	57.2757	0.0042	141.1021	99.94757217122391
S049_SZ20200107042DNA_sort_dedup_realigned_recal	S049_SZ20200107042DNA_sort_dedup_realigned_recal.bam	128063938.0	128013401.0	9622257278.0	9621432834.0	16303.5615	178.0	57.3082	0.003	159.1588	99.96053768079504
S050_BJ20190416047PES_sort_dedup_realigned_recal	S050_BJ20190416047PES_sort_dedup_realigned_recal.bam	310759636.0	310639528.0	23823780893.0	23821444935.0	7586.6826	154.0	57.2241	0.0034	394.0618	99.96135019285451
S050_BJ20190424047DNA_sort_dedup_realigned_recal	S050_BJ20190424047DNA_sort_dedup_realigned_recal.bam	104258640.0	104234851.0	8277227028.0	8276530074.0	11395.3792	173.0	57.3185	0.0033	136.9111	99.97718270639248
S050_SZ20200107047DNA_sort_dedup_realigned_recal	S050_SZ20200107047DNA_sort_dedup_realigned_recal.bam	105614586.0	105572785.0	7957286134.0	7956510189.0	15916.2856	181.0	57.3155	0.0032	131.619	99.96042118652058
S051_BJ20190416048PTS_sort_dedup_realigned_recal	S051_BJ20190416048PTS_sort_dedup_realigned_recal.bam	281665052.0	281564661.0	21873962148.0	21871838578.0	15244.6552	160.0	57.22	0.0038	361.8105	99.96435802053284
S051_BJ20190424048DNA_sort_dedup_realigned_recal	S051_BJ20190424048DNA_sort_dedup_realigned_recal.bam	92920430.0	92895681.0	7266365837.0	7265776372.0	17172.1758	175.0	57.3942	0.0031	120.1907	99.97336538369441
S052_BJ20190416049PES_sort_dedup_realigned_recal	S052_BJ20190416049PES_sort_dedup_realigned_recal.bam	281857114.0	281759079.0	22103179294.0	22100899946.0	13638.2784	161.0	57.225	0.0039	365.6019	99.96521819208012
S052_BJ20190424049DNA_sort_dedup_realigned_recal	S052_BJ20190424049DNA_sort_dedup_realigned_recal.bam	103630308.0	103608440.0	8214464771.0	8213752631.0	13163.3173	173.0	57.3198	0.0032	135.8729	99.97889806522625
S053_BJ20190416050PTS_sort_dedup_realigned_recal	S053_BJ20190416050PTS_sort_dedup_realigned_recal.bam	197351746.0	197282755.0	14239252410.0	14237900689.0	35557.6399	156.0	57.2116	0.0039	235.5271	99.96504160647254
S053_BJ20190424050DNA_sort_dedup_realigned_recal	S053_BJ20190424050DNA_sort_dedup_realigned_recal.bam	109010638.0	108987506.0	8661897423.0	8661155736.0	12249.5955	178.0	57.3339	0.0032	143.2738	99.97878005264037
S054_BJ20190416051PES_sort_dedup_realigned_recal	S054_BJ20190416051PES_sort_dedup_realigned_recal.bam	229422538.0	229355589.0	16599243056.0	16597683449.0	11329.7526	144.0	57.1929	0.0035	274.563	99.97081847294358
S054_BJ20190424051DNA_sort_dedup_realigned_recal	S054_BJ20190424051DNA_sort_dedup_realigned_recal.bam	91653744.0	91635617.0	7288001487.0	7287408267.0	11348.6306	174.0	57.3299	0.0033	120.5486	99.98022230275721
S055_BJ20190416010PTS_sort_dedup_realigned_recal	S055_BJ20190416010PTS_sort_dedup_realigned_recal.bam	262573978.0	262458394.0	18773499464.0	18771809075.0	11297.8773	142.0	57.1641	0.0042	310.5267	99.95598040564401
S055_BJ20190424052DNA_sort_dedup_realigned_recal	S055_BJ20190424052DNA_sort_dedup_realigned_recal.bam	111400870.0	111373758.0	8539971308.0	8539264881.0	15482.9822	165.0	57.2824	0.0029	141.257	99.97566266762549
S056_BJ20190416013PES_sort_dedup_realigned_recal	S056_BJ20190416013PES_sort_dedup_realigned_recal.bam	220149422.0	220071540.0	15064156939.0	15062841234.0	29333.8608	134.0	57.1539	0.0037	249.1716	99.96462311856536
S056_BJ20190424053DNA_sort_dedup_realigned_recal	S056_BJ20190424053DNA_sort_dedup_realigned_recal.bam	99908358.0	99890895.0	7741895148.0	7741259726.0	46251.8496	180.0	57.3107	0.0029	128.0563	99.98252098187821
S057_BJ20190416014PTS_sort_dedup_realigned_recal	S057_BJ20190416014PTS_sort_dedup_realigned_recal.bam	210211234.0	210129058.0	14392003365.0	14390669466.0	16883.3314	134.0	57.184	0.0043	238.0537	99.96090789324799
S057_BJ20190424054DNA_sort_dedup_realigned_recal	S057_BJ20190424054DNA_sort_dedup_realigned_recal.bam	98954752.0	98935991.0	7670114229.0	7669497355.0	26166.7017	173.0	57.3096	0.0031	126.869	99.9810408296511
S058_BJ20190416016PTS_sort_dedup_realigned_recal	S058_BJ20190416016PTS_sort_dedup_realigned_recal.bam	248834260.0	248745844.0	17659747257.0	17658147688.0	36698.821	144.0	57.1487	0.0037	292.1044	99.96446791531038
S059_BJ20190416086PTS_sort_dedup_realigned_recal	S059_BJ20190416086PTS_sort_dedup_realigned_recal.bam	242919952.0	242830756.0	17822415640.0	17820846080.0	11060.2364	154.0	57.2033	0.0036	294.7951	99.96328173158868
S060_BJ20190416030PTS_sort_dedup_realigned_recal	S060_BJ20190416030PTS_sort_dedup_realigned_recal.bam	293591798.0	293480587.0	21595291840.0	21593291186.0	30441.7094	151.0	57.2166	0.0038	357.2011	99.96212053580598
S061_BJ20190416033PES_sort_dedup_realigned_recal	S061_BJ20190416033PES_sort_dedup_realigned_recal.bam	285173284.0	285059872.0	20684763932.0	20682697211.0	41458.6033	149.0	57.2068	0.0038	342.1403	99.96023049620595
S061_BJ20190416053PES_sort_dedup_realigned_recal	S061_BJ20190416053PES_sort_dedup_realigned_recal.bam	171684926.0	171627395.0	13196211894.0	13194924879.0	18854.1476	159.0	57.2789	0.0056	218.2745	99.96649036037095
S061_BJ20190424058DNA_sort_dedup_realigned_recal	S061_BJ20190424058DNA_sort_dedup_realigned_recal.bam	94946196.0	94928686.0	7418642892.0	7418021460.0	12598.4262	168.0	57.3198	0.0029	122.7095	99.9815579762669
S062_BJ20190416035PES_sort_dedup_realigned_recal	S062_BJ20190416035PES_sort_dedup_realigned_recal.bam	288660396.0	288549662.0	20904383745.0	20902315338.0	13095.6684	145.0	57.2127	0.004	345.773	99.96163865859866
S062_BJ20190416079PES_sort_dedup_realigned_recal	S062_BJ20190416079PES_sort_dedup_realigned_recal.bam	189122882.0	189037285.0	13426054647.0	13424808291.0	112003.1396	156.0	57.1095	0.0056	222.0762	99.95474000866803
S063_BJ20190416157PES_sort_dedup_realigned_recal	S063_BJ20190416157PES_sort_dedup_realigned_recal.bam	177403974.0	177341510.0	12798784848.0	12797443210.0	79170.4853	148.0	57.1232	0.0051	211.7008	99.96478996575352
S063_BJ20190424060DNA_sort_dedup_realigned_recal	S063_BJ20190424060DNA_sort_dedup_realigned_recal.bam	91528816.0	91507418.0	7045610498.0	7044977337.0	17704.6689	183.0	57.3963	0.0029	116.5393	99.97662157019491
S064_BJ20190416158PTS_sort_dedup_realigned_recal	S064_BJ20190416158PTS_sort_dedup_realigned_recal.bam	197741142.0	197686586.0	14907473726.0	14906120049.0	14699.6334	160.0	57.2404	0.0055	246.5799	99.97241039500014
S064_BJ20190424061DNA_sort_dedup_realigned_recal	S064_BJ20190424061DNA_sort_dedup_realigned_recal.bam	104931110.0	104906824.0	8159272666.0	8158582043.0	15751.6838	180.0	57.3331	0.003	134.96	99.97685529105715
S065140_SZ20191229059PES_sort_dedup_realigned_recal	S065140_SZ20191229059PES_sort_dedup_realigned_recal.bam	255542228.0	255230898.0	18459399040.0	18456899187.0	63353.5229	143.0	57.0771	0.0043	305.3312	99.87816886373864
S065_BJ20190416109PES_sort_dedup_realigned_recal	S065_BJ20190416109PES_sort_dedup_realigned_recal.bam	213982160.0	213902282.0	15487178054.0	15485499679.0	49002.0	146.0	57.1851	0.0055	256.1686	99.96267071983945
S065_BJ20190424062DNA_sort_dedup_realigned_recal	S065_BJ20190424062DNA_sort_dedup_realigned_recal.bam	108962394.0	108934008.0	8474600166.0	8473865377.0	20564.7305	185.0	57.329	0.0032	140.1758	99.97394881026568
S065_SZ20191229059PES_sort_dedup_realigned_recal	S065_SZ20191229059PES_sort_dedup_realigned_recal.bam	106091326.0	105966815.0	7669777716.0	7668692173.0	63152.3065	143.0	57.1457	0.0043	126.8634	99.88263790764572
S066141_SZ20191229060PES_sort_dedup_realigned_recal	S066141_SZ20191229060PES_sort_dedup_realigned_recal.bam	254967620.0	254551065.0	18119789448.0	18117083887.0	66393.256	138.0	57.0502	0.0048	299.7139	99.83662435253542
S066_BJ20190416110PTS_sort_dedup_realigned_recal	S066_BJ20190416110PTS_sort_dedup_realigned_recal.bam	204781140.0	204709533.0	14766491280.0	14765011956.0	10585.3653	149.0	57.2603	0.0059	244.248	99.96503242437268
S066_SZ20191229060PES_sort_dedup_realigned_recal	S066_SZ20191229060PES_sort_dedup_realigned_recal.bam	105560948.0	105398071.0	7507284547.0	7506163346.0	67186.1418	138.0	57.1281	0.0048	124.1757	99.84570335613128
S067142_SZ20191229062PES_sort_dedup_realigned_recal	S067142_SZ20191229062PES_sort_dedup_realigned_recal.bam	231463102.0	231244628.0	16443658785.0	16441254551.0	28229.6828	131.0	57.1061	0.0047	271.9895	99.90561173763237
S067_BJ20190416031PES_sort_dedup_realigned_recal	S067_BJ20190416031PES_sort_dedup_realigned_recal.bam	266249374.0	266142264.0	19799084217.0	19797014296.0	14329.9085	145.0	57.1665	0.0058	327.4906	99.95977079743294
S067_BJ20190424064DNA_sort_dedup_realigned_recal	S067_BJ20190424064DNA_sort_dedup_realigned_recal.bam	108418244.0	108388598.0	8154997593.0	8154341715.0	15369.8243	164.0	57.2736	0.003	134.8893	99.97265589359665
S067_SZ20191229062PES_sort_dedup_realigned_recal	S067_SZ20191229062PES_sort_dedup_realigned_recal.bam	96038286.0	95953282.0	6828690441.0	6827668415.0	28073.0497	132.0	57.1738	0.0047	112.9513	99.9114894657741
S068143_SZ20191229064PES_sort_dedup_realigned_recal	S068143_SZ20191229064PES_sort_dedup_realigned_recal.bam	228258656.0	228015171.0	15779059687.0	15776718673.0	39599.2803	121.0	56.9979	0.0046	260.9966	99.89332934651118
S068_BJ20190416133PES_sort_dedup_realigned_recal	S068_BJ20190416133PES_sort_dedup_realigned_recal.bam	236798896.0	236718887.0	18099311125.0	18097551977.0	18903.1204	164.0	57.2162	0.0059	299.3751	99.96621225801661
S068_BJ20190424065DNA_sort_dedup_realigned_recal	S068_BJ20190424065DNA_sort_dedup_realigned_recal.bam	125289240.0	125259470.0	9821541081.0	9820697798.0	15095.5037	182.0	57.3184	0.003	162.4551	99.97623898109687
S068_SZ20191229064PES_sort_dedup_realigned_recal	S068_SZ20191229064PES_sort_dedup_realigned_recal.bam	94151444.0	94054426.0	6513224547.0	6512248611.0	39579.4849	121.0	57.0563	0.0047	107.7332	99.8969553775511
S069144_SZ20191229066PES_sort_dedup_realigned_recal	S069144_SZ20191229066PES_sort_dedup_realigned_recal.bam	219534002.0	219380958.0	16295202873.0	16292909078.0	44360.7808	142.0	57.1206	0.004	269.5339	99.93028688102721
S069_BJ20190416034PTS_sort_dedup_realigned_recal	S069_BJ20190416034PTS_sort_dedup_realigned_recal.bam	264759162.0	264652171.0	16507338760.0	16505814839.0	5501.214	122.0	57.1553	0.0045	273.0428	99.95958931158727
S069_BJ20190426002DNA_sort_dedup_realigned_recal	S069_BJ20190426002DNA_sort_dedup_realigned_recal.bam	90303918.0	90282547.0	6974207072.0	6973594797.0	31695.0204	184.0	57.4014	0.0031	115.3582	99.97633436015478
S069_SZ20191229066PES_sort_dedup_realigned_recal	S069_SZ20191229066PES_sort_dedup_realigned_recal.bam	90842818.0	90783167.0	6746383470.0	6745434359.0	44513.3693	142.0	57.1754	0.004	111.5899	99.93433603083514
S069_SZ20191229070PTS_sort_dedup_realigned_recal	S069_SZ20191229070PTS_sort_dedup_realigned_recal.bam	113646100.0	113601119.0	7137856865.0	7137085935.0	49648.6203	188.0	57.3104	0.0037	118.0651	99.96042011120487
S070_BJ20190416026PTS_sort_dedup_realigned_recal	S070_BJ20190416026PTS_sort_dedup_realigned_recal.bam	256649042.0	256569455.0	18642215999.0	18640440068.0	11236.3453	148.0	57.2506	0.0058	308.3552	99.96898994853836
S070_SZ20191229071PTS_sort_dedup_realigned_recal	S070_SZ20191229071PTS_sort_dedup_realigned_recal.bam	126565890.0	126513538.0	7981854566.0	7980967811.0	26849.4801	173.0	57.2847	0.0038	132.0254	99.9586365647174
S071_BJ20190416028PTS_sort_dedup_realigned_recal	S071_BJ20190416028PTS_sort_dedup_realigned_recal.bam	260368956.0	260289651.0	18857524446.0	18855804821.0	13265.6528	146.0	57.1689	0.0058	311.9165	99.9695412996932
S071_BJ20190426004DNA_sort_dedup_realigned_recal	S071_BJ20190426004DNA_sort_dedup_realigned_recal.bam	98018982.0	97997380.0	7546542739.0	7545920791.0	34613.9317	188.0	57.3319	0.0032	124.825	99.97796141159678
S071_SZ20191229080PES_sort_dedup_realigned_recal	S071_SZ20191229080PES_sort_dedup_realigned_recal.bam	105491712.0	105408927.0	6582905440.0	6582177259.0	13093.582	194.0	57.3278	0.0038	108.8858	99.92152464072248
S072_BJ20190416029PES_sort_dedup_realigned_recal	S072_BJ20190416029PES_sort_dedup_realigned_recal.bam	235895002.0	235815986.0	16231564192.0	16229316775.0	65594.6047	137.0	57.1276	0.005	268.4813	99.96650374135523
S073_BJ20190416068PTS_sort_dedup_realigned_recal	S073_BJ20190416068PTS_sort_dedup_realigned_recal.bam	239062044.0	238980591.0	17069813853.0	17068099651.0	7576.0095	132.0	57.128	0.0049	282.3465	99.96592809187224
S074_BJ20190416015PES_sort_dedup_realigned_recal	S074_BJ20190416015PES_sort_dedup_realigned_recal.bam	175679436.0	175568009.0	8032854827.0	8031993022.0	337539.7154	101.0	56.5262	0.0045	132.869	99.9365736807124
S075_BJ20190416112PTS_sort_dedup_realigned_recal	S075_BJ20190416112PTS_sort_dedup_realigned_recal.bam	285332950.0	285236020.0	21119863189.0	21117822342.0	13412.802	153.0	57.1793	0.0058	349.3372	99.96602915996908
S076_BJ20190416105PES_sort_dedup_realigned_recal	S076_BJ20190416105PES_sort_dedup_realigned_recal.bam	373797038.0	373641816.0	29268264505.0	29265304269.0	24193.8337	170.0	57.2517	0.0064	484.1173	99.95847425628878
S077_BJ20190416126PTS_sort_dedup_realigned_recal	S077_BJ20190416126PTS_sort_dedup_realigned_recal.bam	294442520.0	294288394.0	19065930627.0	19064124632.0	13160.4678	147.0	57.2153	0.0048	315.3637	99.94765497863555
S080_BJ20190416129PES_sort_dedup_realigned_recal	S080_BJ20190416129PES_sort_dedup_realigned_recal.bam	163752680.0	163631838.0	12164576689.0	12163175041.0	14334.4133	173.0	57.2285	0.0077	201.2105	99.92620456654511
S081_BJ20190416130PTS_sort_dedup_realigned_recal	S081_BJ20190416130PTS_sort_dedup_realigned_recal.bam	144186092.0	144072524.0	10238963914.0	10237912151.0	11257.5699	152.0	57.1875	0.0074	169.3595	99.92123512162324
S081_SZ20200107025PES_sort_dedup_realigned_recal	S081_SZ20200107025PES_sort_dedup_realigned_recal.bam	103652636.0	103568239.0	6974595717.0	6973827029.0	94450.2016	150.0	57.1579	0.0034	115.3646	99.9185770827864
S082_SZ20200107026PES_sort_dedup_realigned_recal	S082_SZ20200107026PES_sort_dedup_realigned_recal.bam	141151372.0	141088678.0	9704080620.0	9703076958.0	77013.2194	161.0	57.2719	0.0033	160.5122	99.95558385362348
S083_SZ20200107027PES_sort_dedup_realigned_recal	S083_SZ20200107027PES_sort_dedup_realigned_recal.bam	96465088.0	96422333.0	6543286992.0	6542588125.0	60190.6144	150.0	57.2105	0.0034	108.2305	99.95567826569545
S084_SZ20200107028PES_sort_dedup_realigned_recal	S084_SZ20200107028PES_sort_dedup_realigned_recal.bam	93533634.0	93454939.0	6442870271.0	6442153366.0	21921.1183	149.0	57.2133	0.0038	106.5695	99.91586448998656
S085_BJ20190416135PES_sort_dedup_realigned_recal	S085_BJ20190416135PES_sort_dedup_realigned_recal.bam	146871658.0	146771799.0	10570520217.0	10569434065.0	11138.8347	149.0	57.1841	0.0071	174.8437	99.93200934655479
S085_SZ20200107030PES_sort_dedup_realigned_recal	S085_SZ20200107030PES_sort_dedup_realigned_recal.bam	90249264.0	90200481.0	6063756697.0	6063126316.0	20238.6041	146.0	57.2841	0.0037	100.2987	99.94594637359036
S086_BJ20190416136PTS_sort_dedup_realigned_recal	S086_BJ20190416136PTS_sort_dedup_realigned_recal.bam	151273880.0	151147569.0	10667449981.0	10666381800.0	14169.9701	152.0	57.1976	0.0074	176.447	99.91650177809943
S086_SZ20200107031PES_sort_dedup_realigned_recal	S086_SZ20200107031PES_sort_dedup_realigned_recal.bam	91404468.0	91350519.0	5944921120.0	5944316409.0	20445.2383	135.0	57.2468	0.0036	98.3331	99.94097772113284
S087_BJ20190416141PES_sort_dedup_realigned_recal	S087_BJ20190416141PES_sort_dedup_realigned_recal.bam	149711014.0	149561327.0	11166330323.0	11165207547.0	31684.2554	168.0	57.208	0.0077	184.6988	99.90001604023603
S087_SZ20191229038PTS_sort_dedup_realigned_recal	S087_SZ20191229038PTS_sort_dedup_realigned_recal.bam	89665212.0	89618937.0	6226851460.0	6226217450.0	12298.4517	151.0	57.2508	0.0038	102.9964	99.94839135605903
S088_BJ20190416142PTS_sort_dedup_realigned_recal	S088_BJ20190416142PTS_sort_dedup_realigned_recal.bam	160781738.0	160669946.0	12035955799.0	12034716186.0	13544.5869	163.0	57.215	0.0074	199.083	99.9304697154101
S088_SZ20191229039PTS_sort_dedup_realigned_recal	S088_SZ20191229039PTS_sort_dedup_realigned_recal.bam	107236916.0	107174186.0	7169243420.0	7168465964.0	50748.0264	152.0	57.2065	0.004	118.5842	99.9415033531923
S089_BJ20190416143PES_sort_dedup_realigned_recal	S089_BJ20190416143PES_sort_dedup_realigned_recal.bam	161158080.0	161039628.0	12225564530.0	12224236318.0	11919.7017	161.0	57.2056	0.0076	202.2193	99.92649949664329
S089_SZ20191229046PES_sort_dedup_realigned_recal	S089_SZ20191229046PES_sort_dedup_realigned_recal.bam	292558970.0	292407021.0	17928158407.0	17926162005.0	30621.9135	147.0	57.1526	0.0044	296.5441	99.9480620949684
S090_BJ20190416144PTS_sort_dedup_realigned_recal	S090_BJ20190416144PTS_sort_dedup_realigned_recal.bam	176479586.0	176354369.0	12923181054.0	12921845617.0	11237.2256	165.0	57.2304	0.0079	213.7584	99.92904731768807
S090_SZ20191229044PES_sort_dedup_realigned_recal	S090_SZ20191229044PES_sort_dedup_realigned_recal.bam	186070366.0	185833890.0	10006631853.0	10005012270.0	195301.7318	145.0	57.0094	0.0045	165.5166	99.87291044507323
S090_SZ20191229061PTS_sort_dedup_realigned_recal	S090_SZ20191229061PTS_sort_dedup_realigned_recal.bam	102462808.0	102336226.0	7524261608.0	7523272495.0	8979.258	143.0	57.2401	0.0041	124.4565	99.87646053971116
S091_BJ20190416145PES_sort_dedup_realigned_recal	S091_BJ20190416145PES_sort_dedup_realigned_recal.bam	153903112.0	153807122.0	11656367417.0	11655117680.0	11597.483	168.0	57.233	0.0079	192.8044	99.93762959127169
S091_SZ20191229035PES_sort_dedup_realigned_recal	S091_SZ20191229035PES_sort_dedup_realigned_recal.bam	289248890.0	288886153.0	15059967976.0	15058075667.0	85030.3963	126.0	56.963	0.0044	249.1023	99.87459346862143
S091_SZ20191229063PTS_sort_dedup_realigned_recal	S091_SZ20191229063PTS_sort_dedup_realigned_recal.bam	83909930.0	83774986.0	5439229081.0	5438455007.0	10532.5279	125.0	57.1719	0.0046	89.9686	99.83917993972823
S092_BJ20190416146PTS_sort_dedup_realigned_recal	S092_BJ20190416146PTS_sort_dedup_realigned_recal.bam	169441056.0	169324409.0	12481733511.0	12480497264.0	13201.9252	173.0	57.2518	0.0081	206.4565	99.93115777087696
S092_SZ20191229036PES_sort_dedup_realigned_recal	S092_SZ20191229036PES_sort_dedup_realigned_recal.bam	238181692.0	237844842.0	12816978114.0	12815472006.0	72025.3336	130.0	57.0288	0.0041	212.0017	99.85857435255771
S092_SZ20191229077PES_sort_dedup_realigned_recal	S092_SZ20191229077PES_sort_dedup_realigned_recal.bam	113674450.0	113537484.0	8200485997.0	8199473854.0	4199.686	138.0	57.2194	0.004	135.6417	99.87951030332674
S093_SZ20191229037PES_sort_dedup_realigned_recal	S093_SZ20191229037PES_sort_dedup_realigned_recal.bam	236850962.0	236514355.0	12765249580.0	12763724975.0	64578.8147	129.0	57.0124	0.0043	211.1461	99.85788235894942
S094_SZ20191229047PES_sort_dedup_realigned_recal	S094_SZ20191229047PES_sort_dedup_realigned_recal.bam	297683242.0	297518851.0	18398761913.0	18396683644.0	48449.4646	152.0	57.1475	0.0044	304.3283	99.9447765353214
S095_SZ20191229050PES_sort_dedup_realigned_recal	S095_SZ20191229050PES_sort_dedup_realigned_recal.bam	256295406.0	256128073.0	16185063203.0	16183284950.0	58969.5536	158.0	57.1666	0.0041	267.7121	99.934710885922
S098_BJ20190416150PTS_sort_dedup_realigned_recal	S098_BJ20190416150PTS_sort_dedup_realigned_recal.bam	169356496.0	169274052.0	11372667014.0	11371328069.0	9914.9828	139.0	57.159	0.0051	188.1118	99.95131925733749
S098_BJ20190416159PES_sort_dedup_realigned_recal	S098_BJ20190416159PES_sort_dedup_realigned_recal.bam	392377446.0	392150917.0	29056596430.0	29053909618.0	63488.9289	154.0	57.1691	0.0034	480.6162	99.94226757875376
S099_BJ20190416160PTS_sort_dedup_realigned_recal	S099_BJ20190416160PTS_sort_dedup_realigned_recal.bam	441699652.0	441502407.0	34087705248.0	34084643708.0	13440.1765	165.0	57.2811	0.003	563.8342	99.95534408978887
S099_BJ20190416161PES_sort_dedup_realigned_recal	S099_BJ20190416161PES_sort_dedup_realigned_recal.bam	239430704.0	239355761.0	17410212631.0	17408074995.0	38376.0312	173.0	57.2125	0.0067	287.977	99.96869950313474
S100_BJ20190416072PTS_sort_dedup_realigned_recal	S100_BJ20190416072PTS_sort_dedup_realigned_recal.bam	336522896.0	336339239.0	23796035444.0	23793493286.0	9479.1502	126.0	57.076	0.0033	393.6029	99.94542511009415
S100_BJ20190416168PTS_sort_dedup_realigned_recal	S100_BJ20190416168PTS_sort_dedup_realigned_recal.bam	240972994.0	240948480.0	17058926301.0	17057374170.0	12107.1364	173.0	57.2309	0.0058	282.1664	99.98982707580917
S101_BJ20190416155PES_sort_dedup_realigned_recal	S101_BJ20190416155PES_sort_dedup_realigned_recal.bam	343047154.0	342843918.0	23513619428.0	23510615026.0	30443.5246	121.0	56.9917	0.0036	388.9315	99.9407556664936
S101_BJ20190416169PES_sort_dedup_realigned_recal	S101_BJ20190416169PES_sort_dedup_realigned_recal.bam	341290016.0	341165891.0	24038387882.0	24036043209.0	31387.7434	163.0	57.177	0.0056	397.6116	99.96363063840695
S102_BJ20190416149PES_sort_dedup_realigned_recal	S102_BJ20190416149PES_sort_dedup_realigned_recal.bam	277884914.0	277690856.0	18361677105.0	18359604235.0	15457.0772	115.0	57.0017	0.0037	303.7148	99.93016605428245
S102_BJ20190416170PTS_sort_dedup_realigned_recal	S102_BJ20190416170PTS_sort_dedup_realigned_recal.bam	231122210.0	231054233.0	15914667150.0	15913099976.0	9969.3074	159.0	57.2111	0.0057	263.2396	99.97058828746921
S103_BJ20190416061PES_sort_dedup_realigned_recal	S103_BJ20190416061PES_sort_dedup_realigned_recal.bam	298747938.0	298612051.0	21514089798.0	21511962599.0	74201.4516	148.0	57.0975	0.0035	355.8579	99.95451449777035
S103_BJ20190416171PES_sort_dedup_realigned_recal	S103_BJ20190416171PES_sort_dedup_realigned_recal.bam	245876994.0	245800801.0	18070264830.0	18068212110.0	27268.6204	172.0	57.2288	0.0059	298.8947	99.969011740887
S104_BJ20190416067PES_sort_dedup_realigned_recal	S104_BJ20190416067PES_sort_dedup_realigned_recal.bam	368972772.0	368689859.0	23749532767.0	23747215222.0	6937.0219	114.0	57.0117	0.0034	392.8337	99.9233241524933
S104_BJ20190416172PTS_sort_dedup_realigned_recal	S104_BJ20190416172PTS_sort_dedup_realigned_recal.bam	294071750.0	293988060.0	21139082539.0	21136994878.0	11536.2254	175.0	57.2651	0.0059	349.6551	99.97154095896664
S105_BJ20190416173PES_sort_dedup_realigned_recal	S105_BJ20190416173PES_sort_dedup_realigned_recal.bam	277345122.0	277229421.0	18842680190.0	18840559436.0	8793.2343	151.0	57.1766	0.0058	311.671	99.95828266271076
S106_BJ20190416059PES_sort_dedup_realigned_recal	S106_BJ20190416059PES_sort_dedup_realigned_recal.bam	238293214.0	238219786.0	18067747820.0	18065980218.0	14872.3141	147.0	57.1852	0.0055	298.8531	99.96918586191885
S107_BJ20190416060PTS_sort_dedup_realigned_recal	S107_BJ20190416060PTS_sort_dedup_realigned_recal.bam	237039054.0	236974754.0	17543954850.0	17542357371.0	15504.6669	156.0	57.2251	0.0056	290.1892	99.97287366831965
S108_BJ20190416062PTS_sort_dedup_realigned_recal	S108_BJ20190416062PTS_sort_dedup_realigned_recal.bam	300155698.0	300071294.0	22442147615.0	22440068508.0	8435.3499	153.0	57.205	0.0055	371.2086	99.97187992746352
S109_BJ20190416054PTS_sort_dedup_realigned_recal	S109_BJ20190416054PTS_sort_dedup_realigned_recal.bam	310239136.0	310157096.0	23605343069.0	23603079321.0	8678.9015	157.0	57.2775	0.0056	390.4487	99.9735558830334
S110_BJ20190416071PES_sort_dedup_realigned_recal	S110_BJ20190416071PES_sort_dedup_realigned_recal.bam	296813932.0	296715895.0	22579501543.0	22577084373.0	7601.4836	154.0	57.2075	0.0054	373.4806	99.96697021620939
S111_BJ20190416005PES_sort_dedup_realigned_recal	S111_BJ20190416005PES_sort_dedup_realigned_recal.bam	182758680.0	182619052.0	12364284446.0	12363082960.0	107215.5015	140.0	57.0608	0.0036	204.5138	99.92359979837893
S111_BJ20190416073PES_sort_dedup_realigned_recal	S111_BJ20190416073PES_sort_dedup_realigned_recal.bam	285327894.0	285218535.0	21092835139.0	21090571414.0	21557.8574	148.0	57.1634	0.0057	348.8901	99.96167251702352
S112_BJ20190416074PTS_sort_dedup_realigned_recal	S112_BJ20190416074PTS_sort_dedup_realigned_recal.bam	267824514.0	267756311.0	20491179138.0	20489225471.0	12113.1479	169.0	57.2512	0.0059	338.9383	99.97453444459532
S113_BJ20190416025PES_sort_dedup_realigned_recal	S113_BJ20190416025PES_sort_dedup_realigned_recal.bam	280610878.0	280522550.0	21531811836.0	21529530059.0	20087.6151	150.0	57.2405	0.0038	356.1511	99.9685229593986
S113_BJ20190416075PES_sort_dedup_realigned_recal	S113_BJ20190416075PES_sort_dedup_realigned_recal.bam	303027238.0	302920089.0	22731388645.0	22729192865.0	56178.0613	159.0	57.2179	0.0058	375.9929	99.96464047235251
S114_BJ20190416009PES_sort_dedup_realigned_recal	S114_BJ20190416009PES_sort_dedup_realigned_recal.bam	226980698.0	226911917.0	15751832882.0	15749939003.0	33135.0675	135.0	57.107	0.0044	260.5462	99.96969742334655
S114_BJ20190416106PTS_sort_dedup_realigned_recal	S114_BJ20190416106PTS_sort_dedup_realigned_recal.bam	221323762.0	221271635.0	16531454163.0	16529779347.0	20831.8223	157.0	57.2592	0.0063	273.4417	99.97644762608002
S114_SZ20200107033PES_sort_dedup_realigned_recal	S114_SZ20200107033PES_sort_dedup_realigned_recal.bam	103701030.0	103671728.0	7732294683.0	7731505534.0	42374.6555	169.0	57.2717	0.0039	127.8975	99.97174377149388
S115_BJ20190416027PES_sort_dedup_realigned_recal	S115_BJ20190416027PES_sort_dedup_realigned_recal.bam	243309882.0	243235722.0	17276074965.0	17274061246.0	20466.3004	136.0	57.1215	0.004	285.7582	99.96952035018455
S115_BJ20190416107PES_sort_dedup_realigned_recal	S115_BJ20190416107PES_sort_dedup_realigned_recal.bam	252518460.0	252452972.0	18640595512.0	18638628108.0	10699.4253	145.0	57.1829	0.0056	308.3283	99.97406605441836
S115_SZ20200107034PES_sort_dedup_realigned_recal	S115_SZ20200107034PES_sort_dedup_realigned_recal.bam	108686964.0	108659946.0	8131195058.0	8130382448.0	33157.1114	163.0	57.2719	0.0039	134.4956	99.97514145302651
S116_BJ20190416097PES_sort_dedup_realigned_recal	S116_BJ20190416097PES_sort_dedup_realigned_recal.bam	227999504.0	227940418.0	16083648691.0	16082096236.0	9210.9791	141.0	57.2279	0.0039	266.0347	99.97408503134288
S116_BJ20190416108PTS_sort_dedup_realigned_recal	S116_BJ20190416108PTS_sort_dedup_realigned_recal.bam	281466676.0	281393311.0	21386148553.0	21383782653.0	15108.6023	170.0	57.2315	0.0066	353.7417	99.97393474742992
S116_SZ20191229048PTS_sort_dedup_realigned_recal	S116_SZ20191229048PTS_sort_dedup_realigned_recal.bam	90426114.0	90402478.0	6655646932.0	6654943139.0	32439.081	154.0	57.2422	0.0045	110.089	99.97386153296381
S117_BJ20190416115PES_sort_dedup_realigned_recal	S117_BJ20190416115PES_sort_dedup_realigned_recal.bam	278058438.0	277953056.0	20192605134.0	20190557863.0	8807.3313	136.0	57.1534	0.0038	333.9997	99.96210077250021
S117_BJ20190416121PES_sort_dedup_realigned_recal	S117_BJ20190416121PES_sort_dedup_realigned_recal.bam	210691948.0	210636694.0	15924931378.0	15923198609.0	11543.3831	150.0	57.2473	0.0054	263.4094	99.9737749826111
S117_SZ20191229049PTS_sort_dedup_realigned_recal	S117_SZ20191229049PTS_sort_dedup_realigned_recal.bam	103949214.0	103919160.0	7604347983.0	7603513812.0	42119.3403	166.0	57.2622	0.0046	125.7812	99.97108780447344
S118_BJ20190416119PES_sort_dedup_realigned_recal	S118_BJ20190416119PES_sort_dedup_realigned_recal.bam	241003906.0	240924775.0	17484042271.0	17482241036.0	30749.2165	139.0	57.1625	0.0038	289.1982	99.96716609232051
S118_BJ20190416122PTS_sort_dedup_realigned_recal	S118_BJ20190416122PTS_sort_dedup_realigned_recal.bam	215643480.0	215595801.0	15817430989.0	15815872773.0	9044.644	153.0	57.2609	0.0058	261.6313	99.97788989493213
S118_SZ20200107037PES_sort_dedup_realigned_recal	S118_SZ20200107037PES_sort_dedup_realigned_recal.bam	106634222.0	106604739.0	7779870421.0	7779076340.0	39476.0878	153.0	57.2257	0.004	128.6844	99.97235127762268
S119_BJ20190416123PES_sort_dedup_realigned_recal	S119_BJ20190416123PES_sort_dedup_realigned_recal.bam	263392888.0	263322903.0	20220496704.0	20218338611.0	14069.2767	155.0	57.1839	0.0055	334.461	99.97342942684162
S119_SZ20200107036PES_sort_dedup_realigned_recal	S119_SZ20200107036PES_sort_dedup_realigned_recal.bam	104514766.0	104489415.0	7448518258.0	7447771946.0	32996.2704	145.0	57.2104	0.004	123.2036	99.97574409725033
S120_BJ20190416124PTS_sort_dedup_realigned_recal	S120_BJ20190416124PTS_sort_dedup_realigned_recal.bam	269206128.0	269138864.0	20743426136.0	20741361214.0	9836.11	161.0	57.2071	0.006	343.1106	99.97501394173315
S120_SZ20200107039PES_sort_dedup_realigned_recal	S120_SZ20200107039PES_sort_dedup_realigned_recal.bam	106250624.0	106218051.0	7288544896.0	7287771949.0	48609.9016	139.0	57.1707	0.0039	120.5576	99.96934323886887
S121_BJ20190416125PES_sort_dedup_realigned_recal	S121_BJ20190416125PES_sort_dedup_realigned_recal.bam	220102248.0	220042947.0	16006366140.0	16004695986.0	7502.4688	141.0	57.2187	0.0055	264.7564	99.9730575218841
S121_SZ20200107040PES_sort_dedup_realigned_recal	S121_SZ20200107040PES_sort_dedup_realigned_recal.bam	101999692.0	101974768.0	7473526170.0	7472782337.0	45598.4952	154.0	57.2286	0.0039	123.6173	99.97556463209712
S134_SZ20191229067PES_sort_dedup_realigned_recal	S134_SZ20191229067PES_sort_dedup_realigned_recal.bam	227309222.0	227218500.0	17224258417.0	17222305802.0	41100.1804	176.0	57.2328	0.004	284.9012	99.96008872882422
S135_SZ20191229072PES_sort_dedup_realigned_recal	S135_SZ20191229072PES_sort_dedup_realigned_recal.bam	297419164.0	297290914.0	22155119403.0	22152177326.0	22076.4559	154.0	57.192	0.0039	366.461	99.95687903957662
S136_SZ20191229073PES_sort_dedup_realigned_recal	S136_SZ20191229073PES_sort_dedup_realigned_recal.bam	269581234.0	269467980.0	20256096238.0	20253748630.0	23374.5616	164.0	57.2218	0.0038	335.0498	99.9579889155044
S137_SZ20191229076PES_sort_dedup_realigned_recal	S137_SZ20191229076PES_sort_dedup_realigned_recal.bam	255263040.0	255098016.0	17849416615.0	17847500826.0	3927.436	137.0	57.1687	0.004	295.2417	99.93535139282208
S138_SZ20191229078PES_sort_dedup_realigned_recal	S138_SZ20191229078PES_sort_dedup_realigned_recal.bam	272956000.0	272778971.0	19604202806.0	19602094566.0	10953.3838	181.0	57.2544	0.0041	324.2671	99.93514375943376
S139_SZ20191229079PES_sort_dedup_realigned_recal	S139_SZ20191229079PES_sort_dedup_realigned_recal.bam	267700312.0	267583993.0	19308522284.0	19306627130.0	14403.4655	150.0	57.1952	0.0036	319.3763	99.95654879924085
S140_SZ20191229059PES_sort_dedup_realigned_recal	S140_SZ20191229059PES_sort_dedup_realigned_recal.bam	149450902.0	149264082.0	10789700834.0	10788233392.0	63546.6743	143.0	57.1195	0.0043	178.4691	99.87499573605785
S141_SZ20191229060PES_sort_dedup_realigned_recal	S141_SZ20191229060PES_sort_dedup_realigned_recal.bam	149406672.0	149152991.0	10612511035.0	10610899353.0	65683.1836	138.0	57.0984	0.0048	175.5383	99.83020771656034
S142_SZ20191229062PES_sort_dedup_realigned_recal	S142_SZ20191229062PES_sort_dedup_realigned_recal.bam	135424816.0	135291347.0	9614692314.0	9613278344.0	28272.5222	131.0	57.1476	0.0047	159.0337	99.90144420798032
S143_SZ20191229064PES_sort_dedup_realigned_recal	S143_SZ20191229064PES_sort_dedup_realigned_recal.bam	134107212.0	133960745.0	9265912808.0	9264527895.0	39227.5951	121.0	57.0346	0.0046	153.2646	99.89078365151607
S144_SZ20191229066PES_sort_dedup_realigned_recal	S144_SZ20191229066PES_sort_dedup_realigned_recal.bam	128691184.0	128597792.0	9548868092.0	9547542226.0	44104.5272	142.0	57.1597	0.004	157.9449	99.92742937231816
S149_BJ20190416017PES_sort_dedup_realigned_recal	S149_BJ20190416017PES_sort_dedup_realigned_recal.bam	317182712.0	317085886.0	21807201388.0	21805004253.0	112826.6132	146.0	57.0941	0.0036	360.7062	99.9694731155461
S154_BJ20190424023PES_sort_dedup_realigned_recal	S154_BJ20190424023PES_sort_dedup_realigned_recal.bam	234306452.0	234247185.0	16356618975.0	16355132570.0	65151.9155	139.0	57.0951	0.003	270.5498	99.97470534870291
S155_BJ20190424025PTS_sort_dedup_realigned_recal	S155_BJ20190424025PTS_sort_dedup_realigned_recal.bam	265848000.0	265786527.0	19769645839.0	19767909730.0	9649.9814	148.0	57.2053	0.0031	327.0036	99.97687663627336
S156_BJ20190424026PES_sort_dedup_realigned_recal	S156_BJ20190424026PES_sort_dedup_realigned_recal.bam	264530482.0	264462211.0	19950291329.0	19948324092.0	12332.9184	145.0	57.1789	0.0033	329.9916	99.97419163210083
S157_BJ20190424009PES_sort_dedup_realigned_recal	S157_BJ20190424009PES_sort_dedup_realigned_recal.bam	257536850.0	257466529.0	19732658929.0	19730663864.0	8741.394	150.0	57.214	0.0037	326.3918	99.97269478134876
S158_BJ20190424019PES_sort_dedup_realigned_recal	S158_BJ20190424019PES_sort_dedup_realigned_recal.bam	261729454.0	261660198.0	19740836844.0	19738840005.0	27126.684	146.0	57.1685	0.0034	326.5271	99.97353908819143
S159_BJ20190424024PES_sort_dedup_realigned_recal	S159_BJ20190424024PES_sort_dedup_realigned_recal.bam	272256940.0	272181103.0	20652045230.0	20650100688.0	56021.3771	163.0	57.1762	0.0033	341.5991	99.97214506267498
