Sample	fastp_mqc-generalstats-fastp-pct_duplication	fastp_mqc-generalstats-fastp-after_filtering_q30_rate	fastp_mqc-generalstats-fastp-after_filtering_q30_bases	fastp_mqc-generalstats-fastp-filtering_result_passed_filter_reads	fastp_mqc-generalstats-fastp-after_filtering_gc_content	fastp_mqc-generalstats-fastp-pct_surviving	fastp_mqc-generalstats-fastp-pct_adapter
S001_BJ20190416162PTS-0_atdna_wesplus_25003_S1_L002_R1_001	34.508	0.945696	36725481116.0	275589300.0	0.481394	99.10730840416359	28.5825153348442
S001_SZ20200107041PES-6_ffpedna_wesplus_38636_S33_L001_R1_001	24.7286	0.956818	9304111569.0	76655586.0	0.49248	99.14966185250482	53.72631472313172
S002_BJ20190416068PTS-b_atdna_wesplus_26004_S2_L001_R1_001	47.8699	0.964299	22184265924.0	187605848.0	0.489421	99.30602497127784	67.15792432824585
S002_BJ20190416127PES-e_ffpedna_wesplus_25120_S2_L001_R1_001	41.3744	0.940626	36796098852.0	295979634.0	0.494146	99.12655724052007	48.92881863764843
S002_BJ20190416163PES-7_ffpedna_wesplus_25004_S2_L002_R1_001	31.8637	0.951183	29056107259.0	220307174.0	0.51278	99.10857105119864	33.94866640106615
S002_SZ20191229040PES-c_ffpedna_wesplus_38742_S81_L002_R1_001	36.4929	0.961452	23987597914.0	206732142.0	0.501617	98.90711095193173	68.32667341127106
S002_SZ20191229055PTS-b_ffpedna_wesplus_38637_S34_L001_R1_001	22.1416	0.956155	11237099614.0	86064706.0	0.514257	99.12853436789331	42.98208813309504
S003_BJ20190416128PTS-1_atdna_wesplus_25121_S3_L001_R1_001	43.3554	0.937082	43347984696.0	340553138.0	0.478061	98.98459914978376	42.18461284560326
S003_BJ20190416164PTS-4_atdna_wesplus_25005_S3_L002_R1_001	31.9049	0.949685	30451357698.0	228269216.0	0.487768	99.14597870225698	32.58071054175856
S003_SZ20191229041PES-c_ffpedna_wesplus_38743_S82_L002_R1_001	35.2215	0.958744	20044314666.0	160254528.0	0.504067	98.70404055515867	53.69805842781502
S003_SZ20200107045PES-9_ffpedna_wesplus_38638_S35_L001_R1_001	22.8573	0.955838	10836006246.0	78087742.0	0.482186	99.23829956274155	18.371158210909837
S004_BJ20190416165PES-a_ffpedna_wesplus_25006_S4_L002_R1_001	33.3521	0.941444	36219121076.0	277040558.0	0.50272	98.90098536226954	35.219092586857734
S004_SZ20191229042PES-a_ffpedna_wesplus_38744_S83_L002_R1_001	35.9972	0.960022	25593742873.0	204354870.0	0.525652	98.60706829889234	52.99267515802474
S004_SZ20200107046PES-8_ffpedna_wesplus_38639_S36_L001_R1_001	23.5251	0.957076	9874382220.0	74026550.0	0.495821	99.1833465825129	36.51776779023246
S005_BJ20190416166PTS-5_atdna_wesplus_25007_S5_L002_R1_001	32.1003	0.948725	29262488085.0	220783296.0	0.474557	99.17262214571457	33.26623222896982
S005_SZ20191229043PES-6_ffpedna_wesplus_38745_S84_L002_R1_001	36.079899999999995	0.957818	24082595571.0	186672842.0	0.509692	98.60277447830356	44.70534931900468
S005_SZ20191229068PTS-b_ffpedna_wesplus_38640_S37_L001_R1_001	27.0407	0.95488	13097137103.0	95528346.0	0.498627	99.19462702839029	24.087657378795836
S006_BJ20190416131PES-5_ffpedna_wesplus_25124_S6_L001_R1_001	42.0894	0.936236	46651555834.0	366974414.0	0.502279	99.04657970447201	42.17774922854204
S006_BJ20190416150PTS-f_atdna_wesplus_26008_S6_L001_R1_001	47.9662	0.966255	24934696659.0	204955520.0	0.514676	99.3613335063339	63.54969646136189
S006_BJ20190416167PES-0_ffpedna_wesplus_25008_S6_L002_R1_001	31.052999999999997	0.947992	33223272306.0	250427122.0	0.508067	99.02479758423377	32.11528414128606
S006_SZ20191229045PES-4_ffpedna_wesplus_38746_S85_L002_R1_001	35.4215	0.96007	20917838737.0	174728834.0	0.526234	98.38295030393063	63.01099354740251
S006_SZ20191229069PTS-4_ffpedna_wesplus_38641_S38_L001_R1_001	24.9921	0.950197	10946346256.0	78925730.0	0.481893	99.24774114607679	15.001627937121237
S007_BJ20190416101PES-3_ffpedna_wesplus_25009_S7_L002_R1_001	32.562200000000004	0.949531	28372642906.0	231460622.0	0.513767	98.81633158645006	59.31651882295781
S007_BJ20190416132PTS-1_atdna_wesplus_25125_S7_L001_R1_001	39.4227	0.936403	36609873110.0	294840014.0	0.484842	99.04338884940532	49.34585479452482
S007_SZ20191229051PES-3_ffpedna_wesplus_38747_S86_L002_R1_001	34.6199	0.95861	26932219095.0	213426112.0	0.50246	98.85272246181528	49.00105102696061
S008_BJ20190416102PTS-d_atdna_wesplus_25010_S8_L002_R1_001	34.285399999999996	0.950516	24176059022.0	190953078.0	0.465139	99.18801465322295	50.76619649240889
S008_BJ20190416134PTS-a_atdna_wesplus_25126_S8_L001_R1_001	45.632099999999994	0.938751	46535751757.0	364082972.0	0.485703	99.09906381763213	43.05298260651427
S008_SZ20191229052PES-9_ffpedna_wesplus_38748_S87_L002_R1_001	31.727	0.958952	24650151132.0	196515420.0	0.504035	98.92120817645024	52.839633386599274
S009102_BJ20190416149PES-8_ffpedna_wesplus_25220_S40_L004_R1_001	51.8924	0.960287	47036105123.0	426322750.0	0.537366	98.76417146793308	75.79220936319912
S009_BJ20190416036PTS-d_atdna_wesplus_24508_S9_L001_R1_001	38.6329	0.953848	31846496283.0	252249116.0	0.471329	99.28544223449603	47.263536809625165
S009_BJ20190416149PES-8_ffpedna_wesplus_26011_S9_L001_R1_001	48.3757	0.966544	17076687839.0	148437836.0	0.536148	99.34313181606952	71.4550963970363
S009_SZ20191229056PES-7_ffpedna_wesplus_38749_S88_L002_R1_001	33.4019	0.960864	24921892837.0	205219252.0	0.524519	98.81813807998037	63.1352916634573
S010_BJ20190416037PES-2_ffpedna_wesplus_24509_S10_L001_R1_001	41.1719	0.957601	38303521031.0	291348456.0	0.478302	99.28573731270815	38.15540878235136
S010_SZ20191229057PES-3_ffpedna_wesplus_38750_S89_L002_R1_001	34.144400000000005	0.959784	31563088312.0	239821058.0	0.509851	99.00999524240535	41.49098552690974
S011_BJ20190416038PTS-5_atdna_wesplus_24510_S11_L001_R1_001	40.643299999999996	0.956105	32138541764.0	249253954.0	0.468874	99.25270370429186	46.0130226082644
S011_SZ20200107044PES-8_ffpedna_wesplus_38751_S90_L002_R1_001	32.6659	0.959044	28074789917.0	205295200.0	0.492776	98.97398554764753	26.032549636132174
S012_BJ20190416039PES-4_ffpedna_wesplus_24511_S12_L001_R1_001	41.255199999999995	0.959051	32849299211.0	267535322.0	0.512307	99.06709117426684	55.86417485827296
S012_SZ20191229058PES-0_ffpedna_wesplus_38752_S91_L002_R1_001	33.7503	0.95825	28163613288.0	210922970.0	0.50708	98.9378561838146	32.694616189332
S013_BJ20190416040PTS-a_atdna_wesplus_24512_S13_L001_R1_001	38.0535	0.959033	35983374150.0	275698994.0	0.482921	99.32868765925794	40.62856676676095
S014_BJ20190416041PES-2_ffpedna_wesplus_24513_S14_L001_R1_001	40.712199999999996	0.961108	40674302038.0	317019668.0	0.508833	99.25450962438194	46.88467344646664
S015_BJ20190416006PTS-7_atdna_wesplus_24374_S1_L002_R1_001	39.0128	0.949979	25365444176.0	200133016.0	0.497812	99.03825519997686	47.867975488646195
S015_BJ20190416042PTS-0_atdna_wesplus_24514_S15_L001_R1_001	40.5022	0.954349	34937930196.0	279166352.0	0.46099	99.23458871355443	52.97844369210757
S016_BJ20190416011PES-b_ffpedna_wesplus_24375_S2_L002_R1_001	38.0429	0.946742	23190840293.0	176768684.0	0.490756	99.09932023426073	35.503039507594536
S016_BJ20190416043PES-e_ffpedna_wesplus_24515_S16_L001_R1_001	42.5319	0.957544	39357079723.0	309256346.0	0.469481	99.28795192123012	47.5711894615012
S017_BJ20190416012PTS-6_atdna_wesplus_24376_S3_L002_R1_001	38.926500000000004	0.952923	28374027934.0	209990570.0	0.500241	99.20878105550278	27.39537579200627
S018_BJ20190416018PTS-6_atdna_wesplus_24377_S4_L002_R1_001	37.648399999999995	0.954241	28013689224.0	205787062.0	0.495024	99.17469800899819	24.500532916792693
S019_BJ20190416021PES-3_ffpedna_wesplus_24378_S5_L002_R1_001	42.305	0.954612	39084597714.0	312644342.0	0.527048	99.09477307181062	53.79477694122012
S020_BJ20190416022PTS-e_atdna_wesplus_24379_S6_L002_R1_001	39.566	0.954939	38579701631.0	298722880.0	0.507557	99.2053578665942	45.30351512225508
S021_BJ20190416023PES-e_ffpedna_wesplus_24380_S7_L002_R1_001	36.2717	0.957095	25923039799.0	212806218.0	0.526097	99.17067128008074	59.95539780257635
S022_BJ20190416024PTS-6_atdna_wesplus_24381_S8_L002_R1_001	37.174099999999996	0.953496	24886159598.0	213539370.0	0.506245	99.21201620235408	67.43267173674367
S023_BJ20190416087PES-7_ffpedna_wesplus_24382_S9_L002_R1_001	34.3012	0.954116	33001191210.0	246645292.0	0.510554	99.23934017973524	31.632458074330412
S023_BJ20190424001PES-c_ffpedna_wesplus_25390_S1_L002_R1_001	38.4663	0.95528	31159736594.0	262890956.0	0.514621	99.08993113740331	62.67253011772266
S024_BJ20190416088PTS-6_atdna_wesplus_24383_S10_L002_R1_001	35.364200000000004	0.952566	25427777955.0	195930582.0	0.470807	99.34242436432623	43.82731674003558
S024_BJ20190424002PES-8_ffpedna_wesplus_25391_S2_L002_R1_001	36.2177	0.955385	31974755044.0	251983780.0	0.52015	99.03608965132092	49.17530994926597
S025_BJ20190416052PTS-a_atdna_wesplus_24524_S9_L002_R1_001	39.9771	0.950211	33102821720.0	251440436.0	0.456476	99.26438600950335	39.48351515678562
S025_BJ20190416089PES-3_ffpedna_wesplus_24384_S11_L002_R1_001	35.8444	0.95337	23452473469.0	181149476.0	0.507897	99.17530038103682	41.74337641482885
S025_BJ20190424003PTS-e_atdna_wesplus_25392_S3_L002_R1_001	38.6409	0.955998	30046107858.0	242225116.0	0.499908	98.99245933858839	55.05517762865731
S026_BJ20190416057PES-7_ffpedna_wesplus_24525_S10_L002_R1_001	35.795	0.956491	31381890718.0	232486672.0	0.501011	99.25579162995592	31.699666946776162
S026_BJ20190416090PTS-6_atdna_wesplus_24385_S12_L002_R1_001	37.2007	0.953018	24723018093.0	203059584.0	0.49013	99.23758926233205	56.98569891824551
S026_BJ20190424011PTS-d_atdna_wesplus_25393_S4_L002_R1_001	34.9306	0.955463	27221148746.0	218071704.0	0.477685	99.20887014904626	54.476556581697125
S026_SZ20200107043PES-4_ffpedna_wesplus_39583_S78_L004_R1_001	44.0527	0.953719	15075851041.0	124166996.0	0.502315	97.54162603381346	63.058726444290045
S027_BJ20190416058PTS-2_atdna_wesplus_24526_S11_L002_R1_001	36.375299999999996	0.953977	26926411853.0	206742984.0	0.466746	99.32522279055206	43.546123317657084
S027_BJ20190416095PES-e_ffpedna_wesplus_24386_S13_L002_R1_001	34.2237	0.954458	20773457991.0	179473362.0	0.490918	99.1220623992595	65.09376610178661
S027_BJ20190424015PTS-9_atdna_wesplus_25394_S5_L002_R1_001	34.8557	0.953986	34990609280.0	276659604.0	0.504792	99.1813607663457	51.37007024893984
S028_BJ20190416077PES-7_ffpedna_wesplus_24527_S12_L002_R1_001	41.9817	0.95668	43847716598.0	336761856.0	0.498854	99.24785944713258	41.69207012971414
S028_BJ20190416096PTS-f_atdna_wesplus_24387_S14_L002_R1_001	32.571099999999994	0.956744	24509759015.0	204969498.0	0.485018	99.26204587611753	63.5721559695557
S028_BJ20190424016PES-f_ffpedna_wesplus_25395_S6_L002_R1_001	35.7238	0.957607	35723835002.0	277899768.0	0.512806	99.11039519195705	47.855760680443254
S029_BJ20190416078PTS-e_atdna_wesplus_24528_S13_L002_R1_001	35.0377	0.954995	28517906141.0	215297200.0	0.474859	99.25726477886822	36.497730510522665
S029_BJ20190416098PTS-2_atdna_wesplus_24388_S15_L002_R1_001	36.918099999999995	0.953482	31459806334.0	241488572.0	0.494186	99.15662946733354	41.651167320921985
S029_BJ20190424017PES-2_ffpedna_wesplus_25396_S7_L002_R1_001	36.1182	0.955391	36489018643.0	281656116.0	0.51474	99.05427013035357	42.65108571145696
S030_BJ20190416081PES-1_ffpedna_wesplus_24529_S14_L002_R1_001	38.0021	0.953489	35861731460.0	270004484.0	0.502376	99.14293603624313	34.61261238766741
S030_BJ20190416099PES-c_ffpedna_wesplus_24389_S16_L002_R1_001	34.866200000000006	0.95417	26891190772.0	202356106.0	0.469937	99.3408834315786	34.99744264468076
S030_BJ20190424020PTS-4_atdna_wesplus_25397_S8_L002_R1_001	32.4504	0.957377	25272834509.0	198704572.0	0.472757	99.29804642809958	50.211175149797924
S031_BJ20190416082PTS-f_atdna_wesplus_24530_S15_L002_R1_001	39.419	0.950713	34309477182.0	257718364.0	0.49358	99.15279607504482	34.14958393803765
S031_BJ20190424027DNA-7_gdna_wesplus_25398_S9_L002_R1_001	24.0231	0.955453	12164686329.0	88017278.0	0.473857	99.27666109698576	21.259643454700043
S032_BJ20190416085PES-1_ffpedna_wesplus_24531_S16_L002_R1_001	38.317499999999995	0.949775	36113901573.0	274408550.0	0.497795	99.14886100983335	36.07101233520096
S032_BJ20190424029DNA-d_gdna_wesplus_25399_S10_L002_R1_001	24.5142	0.955297	16444602336.0	120255214.0	0.495109	99.12368406341446	24.89681486425804
S033_BJ20190416100PTS-c_atdna_wesplus_24532_S17_L002_R1_001	38.277899999999995	0.951315	33467068327.0	250922624.0	0.468863	99.14012917983365	32.57166205210778
S033_BJ20190424030DNA-9_gdna_wesplus_25400_S11_L002_R1_001	25.7169	0.953005	12553538918.0	92180454.0	0.476506	99.22415232711784	26.242069184318407
S034_BJ20190416111PES-d_ffpedna_wesplus_24533_S18_L002_R1_001	37.474000000000004	0.953522	36014754047.0	269067414.0	0.485965	99.27378207900004	31.60011556262598
S034_BJ20190424031DNA-b_gdna_wesplus_25401_S12_L002_R1_001	23.6918	0.951753	16950641356.0	125061864.0	0.495635	99.08676890944078	26.876033746171814
S035_BJ20190416113PES-e_ffpedna_wesplus_24534_S19_L002_R1_001	36.2195	0.954671	28933136963.0	223532556.0	0.485284	99.16804493870151	42.48397686667946
S035_BJ20190424032DNA-f_gdna_wesplus_25402_S13_L002_R1_001	28.1545	0.956509	19276732778.0	144760544.0	0.497242	99.09699537204531	35.93944536422424
S036_BJ20190416076PTS-b_atdna_wesplus_24656_S30_L003_R1_001	34.8653	0.953173	33116788396.0	248674010.0	0.485151	99.15072811951522	33.5476826372056
S036_BJ20190416114PTS-b_atdna_wesplus_24535_S20_L002_R1_001	34.025800000000004	0.95595	27013320835.0	211915866.0	0.48047	99.2319599899721	47.6994757470289
S036_BJ20190424033DNA-d_gdna_wesplus_25403_S14_L002_R1_001	22.2271	0.955061	15524434481.0	114444828.0	0.495582	99.01894568513903	27.643845296847815
S037_BJ20190416080PTS-6_atdna_wesplus_24657_S31_L003_R1_001	32.5335	0.953168	31212800329.0	235117332.0	0.501113	99.0472450103963	32.445957344528395
S037_BJ20190416116PTS-9_atdna_wesplus_24536_S21_L002_R1_001	39.7115	0.953019	28994110791.0	243057198.0	0.502554	99.04814959411307	62.188951360840115
S037_BJ20190424034DNA-0_gdna_wesplus_25404_S15_L002_R1_001	25.381999999999998	0.953838	13440302035.0	97849964.0	0.497628	99.17249064975874	24.004681308146544
S038_BJ20190416083PES-9_ffpedna_wesplus_24658_S32_L003_R1_001	33.8888	0.957425	28253409488.0	223738834.0	0.521012	98.97752157189474	48.777472156311084
S038_BJ20190416117PES-1_ffpedna_wesplus_24537_S22_L002_R1_001	35.3207	0.950508	27890642672.0	215331880.0	0.47409	99.2134821158582	40.86872986334756
S038_BJ20190424035DNA-e_gdna_wesplus_25405_S16_L002_R1_001	23.6592	0.952068	11889115467.0	86496462.0	0.47856	99.23685002883607	23.09573904739466
S039_BJ20190416118PTS-6_atdna_wesplus_24538_S23_L002_R1_001	36.6563	0.951781	29146429526.0	223951350.0	0.478174	99.17141728620494	38.68560807029678
S039_BJ20190416137PES-b_ffpedna_wesplus_24659_S33_L003_R1_001	33.819	0.952537	32908324568.0	251426150.0	0.506584	98.96035912340474	39.523129951980486
S039_BJ20190424036DNA-b_gdna_wesplus_25406_S17_L002_R1_001	24.9717	0.955119	14139309600.0	102539004.0	0.47103	99.26418329933885	22.657054036561945
S040_BJ20190416120PTS-1_atdna_wesplus_24539_S24_L002_R1_001	34.8622	0.958554	28011673035.0	211668150.0	0.487515	99.30683532758829	37.499803889923136
S040_BJ20190416138PTS-1_atdna_wesplus_24660_S34_L003_R1_001	35.1941	0.958857	32465523360.0	251119532.0	0.483703	99.26755178659316	46.454936922294735
S040_BJ20190424037DNA-e_gdna_wesplus_25407_S18_L002_R1_001	23.4035	0.954079	12344563769.0	89436928.0	0.474038	99.26148869112662	21.68395974249016
S041_BJ20190416084PTS-3_atdna_wesplus_24661_S35_L003_R1_001	36.2974	0.95709	44780060002.0	331965506.0	0.487614	99.25481488793703	31.266997733011703
S041_BJ20190424038DNA-6_gdna_wesplus_25408_S19_L002_R1_001	25.1347	0.954193	18858609104.0	138634258.0	0.49051	99.10615754245325	27.076398957008895
S042_BJ20190424028DNA-a_gdna_wesplus_24662_S36_L003_R1_001	33.1529	0.951123	44116536412.0	323333486.0	0.494076	99.18573904763416	23.64798975745963
S042_BJ20190424039DNA-e_gdna_wesplus_25409_S20_L002_R1_001	24.7374	0.951862	14404653880.0	105492998.0	0.474623	99.21101599387728	25.336389047354913
S043_BJ20190424040DNA-6_gdna_wesplus_25410_S21_L002_R1_001	24.4701	0.953014	13537003177.0	98231618.0	0.473232	99.24719268839799	21.80470272596015
S043_BJ20190426001DNA-2_gdna_wesplus_24663_S37_L003_R1_001	38.931	0.95248	52140430227.0	380434584.0	0.49211	99.03493141189294	22.686434116300426
S044_BJ20190424041DNA-6_gdna_wesplus_25411_S22_L002_R1_001	23.274900000000002	0.955603	11748415124.0	84910592.0	0.470973	99.19796823042199	19.948573496198026
S044_SZ20200107024DNA-c_gdna_wesplus_38679_S26_L003_R1_001	25.1048	0.952084	19362325856.0	139074812.0	0.489167	99.05134501047058	14.50752509202048
S045_BJ20190424042DNA-c_gdna_wesplus_25412_S23_L002_R1_001	26.167800000000003	0.952983	17914471619.0	132778962.0	0.491855	99.06547356822524	30.4766068388002
S045_SZ20200107029DNA-a_gdna_wesplus_38680_S27_L003_R1_001	25.3749	0.952849	17428737126.0	126774876.0	0.49321	98.97097873747647	22.5488906573959
S046_BJ20190424043DNA-7_gdna_wesplus_25413_S24_L002_R1_001	23.5459	0.954956	12407338545.0	90096508.0	0.477032	99.2216885652979	22.39412602457798
S046_SZ20200107032DNA-4_gdna_wesplus_38681_S28_L003_R1_001	22.916900000000002	0.954282	14971248973.0	109679894.0	0.492049	99.1306644466968	25.667987042358753
S047_BJ20190416044PTS-5_atdna_wesplus_24546_S7_L003_R1_001	36.0244	0.94987	32656869319.0	255372538.0	0.488935	99.22066260234192	43.197299739048795
S047_BJ20190424044DNA-0_gdna_wesplus_25414_S25_L002_R1_001	24.0764	0.953687	12335040933.0	90239974.0	0.477024	99.23555609239739	25.98232396938996
S047_SZ20200107035DNA-2_gdna_wesplus_38682_S29_L003_R1_001	22.5695	0.950633	14787177055.0	109299232.0	0.492645	99.0017438197297	27.77544688777272
S048_BJ20190416045PES-6_ffpedna_wesplus_24547_S8_L003_R1_001	34.3157	0.949142	33492390074.0	255221326.0	0.489406	99.14911912747115	35.63058962783619
S048_BJ20190424045DNA-b_gdna_wesplus_25415_S26_L002_R1_001	23.533	0.952402	15030471844.0	112115326.0	0.497968	99.01409571925285	32.65656514755296
S048_SZ20200107038DNA-2_gdna_wesplus_38683_S30_L003_R1_001	22.1127	0.95199	14302284759.0	105270402.0	0.493769	98.96539208402476	26.772319849360336
S049_BJ20190416046PTS-5_atdna_wesplus_24548_S9_L003_R1_001	20.1841	0.939801	14751183064.0	113037296.0	0.471583	99.00556585048884	34.81871335440808
S049_SZ20200107042DNA-6_gdna_wesplus_38684_S31_L003_R1_001	25.9314	0.952991	17463331557.0	128063938.0	0.494027	98.95137637472004	26.00323109656064
S050_BJ20190416047PES-0_ffpedna_wesplus_24549_S10_L003_R1_001	38.178200000000004	0.951548	40303581386.0	310759636.0	0.490689	99.17562985502711	44.29422172027984
S050_BJ20190424047DNA-0_gdna_wesplus_25417_S28_L002_R1_001	21.6973	0.951747	14114772857.0	104258640.0	0.496903	99.03832964444149	28.174792677945494
S050_SZ20200107047DNA-f_gdna_wesplus_38685_S32_L003_R1_001	21.871199999999998	0.950606	14425148082.0	105614586.0	0.495128	98.86849957778871	24.367666931665052
S051_BJ20190416048PTS-c_atdna_wesplus_24550_S11_L003_R1_001	33.4309	0.946653	36945191001.0	281665052.0	0.497864	99.11863207114263	38.651514318039446
S051_BJ20190424048DNA-c_gdna_wesplus_25418_S29_L002_R1_001	21.1477	0.955022	12594808300.0	92920430.0	0.493692	99.08286500937018	27.522364878234207
S052_BJ20190416049PES-a_ffpedna_wesplus_24551_S12_L003_R1_001	35.144999999999996	0.947969	37199928612.0	281857114.0	0.501231	99.15915929227512	37.052107957588184
S052_BJ20190424049DNA-e_gdna_wesplus_25419_S30_L002_R1_001	22.5778	0.954219	14042318756.0	103630308.0	0.49642	99.06701764882804	28.589186043597042
S053_BJ20190416050PTS-1_atdna_wesplus_24552_S13_L003_R1_001	34.1559	0.942298	25543015911.0	197351746.0	0.464923	99.18399757879605	41.39824729078305
S053_BJ20190424050DNA-8_gdna_wesplus_25420_S31_L002_R1_001	22.5814	0.95471	14892310298.0	109010638.0	0.495831	99.0947730462995	25.335602606414536
S054_BJ20190416051PES-8_ffpedna_wesplus_24553_S14_L003_R1_001	32.99	0.951905	28775687317.0	229422538.0	0.486665	99.21102121148125	54.18134671118887
S054_BJ20190424051DNA-9_gdna_wesplus_25421_S32_L002_R1_001	23.7188	0.953762	12397624700.0	91653744.0	0.498254	98.98850302794163	28.52716135726195
S055_BJ20190416010PTS-8_atdna_wesplus_24554_S15_L003_R1_001	39.5928	0.947095	31916867922.0	262573978.0	0.481968	99.1404778786348	55.207186262936204
S055_BJ20190424052DNA-9_gdna_wesplus_25422_S33_L002_R1_001	22.7201	0.953807	14649312531.0	111400870.0	0.495134	99.0335608959811	36.372282134490476
S056_BJ20190416013PES-9_ffpedna_wesplus_24555_S16_L003_R1_001	37.7877	0.949635	26092024598.0	220149422.0	0.476562	99.15712126920295	61.45479224224716
S056_BJ20190424053DNA-7_gdna_wesplus_25423_S34_L002_R1_001	24.410999999999998	0.953697	13754824696.0	99908358.0	0.477246	99.1711376137839	22.500471544622158
S057_BJ20190416014PTS-4_atdna_wesplus_24556_S17_L003_R1_001	35.780499999999996	0.947045	24963537820.0	210211234.0	0.479182	99.17119765655227	62.0827074724429
S057_BJ20190424054DNA-6_gdna_wesplus_25424_S35_L002_R1_001	24.048	0.952418	13419845268.0	98954752.0	0.477383	99.16434774868858	28.417419626470902
S058_BJ20190416016PTS-8_atdna_wesplus_24557_S18_L003_R1_001	37.0626	0.94812	30856792859.0	248834260.0	0.473395	99.19722937868102	52.50797979273456
S059_BJ20190416086PTS-e_atdna_wesplus_24558_S19_L003_R1_001	35.7042	0.944041	31006344837.0	242919952.0	0.459128	99.2035762822808	44.2668407496747
S060_BJ20190416030PTS-e_atdna_wesplus_24559_S20_L003_R1_001	38.1037	0.948279	37098403913.0	293591798.0	0.486567	99.2098914376248	45.77923548303317
S061_BJ20190416033PES-d_ffpedna_wesplus_24560_S21_L003_R1_001	40.5377	0.950243	35898707963.0	285173284.0	0.49763	99.06798791276773	47.54099355004895
S061_BJ20190416053PES-5_ffpedna_wesplus_24942_S1_L001_R1_001	28.2768	0.933157	21847420100.0	171684926.0	0.513808	99.11422550949848	40.21289826792815
S061_BJ20190424058DNA-6_gdna_wesplus_25428_S39_L002_R1_001	23.4074	0.956253	12752257764.0	94946196.0	0.495378	99.03636416776487	32.565564751964104
S062_BJ20190416035PES-e_ffpedna_wesplus_24561_S22_L003_R1_001	38.689299999999996	0.948016	35638964845.0	288660396.0	0.499076	99.07983224509277	52.23460858391945
S062_BJ20190416079PES-7_ffpedna_wesplus_24943_S2_L001_R1_001	31.0941	0.928736	24019140097.0	189122882.0	0.497218	99.11169665591792	38.71206354807633
S063_BJ20190416157PES-e_ffpedna_wesplus_24944_S3_L001_R1_001	32.1409	0.934397	22190456995.0	177403974.0	0.501735	99.14046915169781	46.114108146170864
S063_BJ20190424060DNA-7_gdna_wesplus_25430_S41_L002_R1_001	21.9307	0.955557	12578074913.0	91528816.0	0.491435	99.15107469759235	22.64516563740894
S064_BJ20190416158PTS-f_atdna_wesplus_24945_S4_L001_R1_001	34.104600000000005	0.931097	25480197954.0	197741142.0	0.473248	99.29015530991485	38.29290368410444
S064_BJ20190424061DNA-8_gdna_wesplus_25431_S42_L002_R1_001	24.9419	0.953236	14344674053.0	104931110.0	0.492179	98.9958177280322	23.96025725545438
S065140_SZ20191229059PES-4_ffpedna_wesplus_39001_S41_L004_R1_001	36.2738	0.949784	32043887545.0	255542228.0	0.528918	97.17343151721623	49.67855397338142
S065_BJ20190416109PES-1_ffpedna_wesplus_24946_S5_L001_R1_001	32.2004	0.939148	26421584312.0	213982160.0	0.523703	99.04943589004111	50.06446017412731
S065_BJ20190424062DNA-3_gdna_wesplus_25432_S43_L002_R1_001	24.1519	0.950474	14928925625.0	108962394.0	0.492613	98.98444697443553	21.541883627189375
S065_SZ20191229059PES-4_ffpedna_wesplus_39070_S63_L004_R1_001	25.3514	0.94831	13296153748.0	106091326.0	0.528762	97.12175508544905	49.41282398337798
S066141_SZ20191229060PES-7_ffpedna_wesplus_39002_S42_L004_R1_001	38.000299999999996	0.950168	31589562680.0	254967620.0	0.519143	96.76625758514193	53.672565947823955
S066_BJ20190416110PTS-c_atdna_wesplus_24947_S6_L001_R1_001	32.3235	0.931367	25244300318.0	204781140.0	0.478541	99.24194752616326	49.18696542833585
S066_SZ20191229060PES-7_ffpedna_wesplus_39071_S64_L004_R1_001	26.2353	0.948738	13069065944.0	105560948.0	0.519023	96.70508683610072	53.456510713189395
S067142_SZ20191229062PES-a_ffpedna_wesplus_39003_S43_L004_R1_001	37.527899999999995	0.950092	27679405173.0	231463102.0	0.527207	96.71260276850718	62.08003984174911
S067_BJ20190416031PES-1_ffpedna_wesplus_24948_S7_L001_R1_001	35.038000000000004	0.936922	32639423118.0	266249374.0	0.523871	99.02895677477972	52.51998583858413
S067_BJ20190424064DNA-2_gdna_wesplus_25434_S45_L002_R1_001	23.9453	0.953866	14262805243.0	108418244.0	0.494822	99.05795292922272	37.5618510077743
S067_SZ20191229062PES-a_ffpedna_wesplus_39072_S65_L004_R1_001	26.064500000000002	0.948632	11478454269.0	96038286.0	0.527011	96.64086693194609	61.84623133237752
S068143_SZ20191229064PES-d_ffpedna_wesplus_39004_S44_L004_R1_001	38.2882	0.953482	26128354612.0	228258656.0	0.556742	97.03996684245631	70.13523742179726
S068_BJ20190416133PES-a_ffpedna_wesplus_24949_S8_L001_R1_001	30.5905	0.930091	30497061307.0	236798896.0	0.5025	99.25846039383694	35.71669964147576
S068_BJ20190424065DNA-9_gdna_wesplus_25435_S46_L002_R1_001	26.9611	0.953991	17206181613.0	125289240.0	0.493298	99.05541874772067	22.740079091752836
S068_SZ20191229064PES-d_ffpedna_wesplus_39073_S66_L004_R1_001	26.1845	0.951883	10770874066.0	94151444.0	0.556634	96.96419693908035	69.89637111677479
S069144_SZ20191229066PES-a_ffpedna_wesplus_39005_S45_L004_R1_001	34.547	0.951695	27618489607.0	219534002.0	0.530808	97.7983656223321	52.054673996407615
S069_BJ20190416034PTS-4_atdna_wesplus_24950_S9_L001_R1_001	48.5966	0.942856	29424086964.0	264759162.0	0.48944	99.25592014364338	73.18228960769308
S069_BJ20190426002DNA-0_gdna_wesplus_25436_S47_L002_R1_001	22.5445	0.949946	12449384891.0	90303918.0	0.478146	99.1891904597627	20.23720323837887
S069_SZ20191229066PES-a_ffpedna_wesplus_39074_S67_L004_R1_001	23.7655	0.950311	11422032362.0	90842818.0	0.530576	97.76597682088381	51.81138785906923
S069_SZ20191229070PTS-e_ffpedna_wesplus_38704_S19_L004_R1_001	23.9865	0.948451	15522739732.0	113646100.0	0.473193	99.16888128165671	22.012400680462363
S070_BJ20190416026PTS-4_atdna_wesplus_24951_S10_L001_R1_001	43.784	0.932033	31924136526.0	256649042.0	0.47577	99.34499873384492	49.96464907375587
S070_SZ20191229071PTS-b_ffpedna_wesplus_38705_S20_L004_R1_001	23.8294	0.949499	17048044778.0	126565890.0	0.48315	99.01683270407581	29.54388504067356
S071_BJ20190416028PTS-5_atdna_wesplus_24952_S11_L001_R1_001	44.878099999999996	0.931601	32153819019.0	260368956.0	0.480815	99.29018880411896	51.75877161043208
S071_BJ20190426004DNA-5_gdna_wesplus_25438_S49_L002_R1_001	24.0177	0.950183	13553414729.0	98018982.0	0.476555	99.1619865203044	18.368173321332605
S071_SZ20191229080PES-2_ffpedna_wesplus_38706_S21_L004_R1_001	23.2879	0.948892	14292910802.0	105491712.0	0.477277	98.98550372425858	24.151391596868585
S072_BJ20190416029PES-e_ffpedna_wesplus_24953_S12_L001_R1_001	42.3189	0.936902	28401780904.0	235895002.0	0.495349	99.22761255644652	57.06369859526394
S073_BJ20190416068PTS-b_atdna_wesplus_24954_S13_L001_R1_001	49.3792	0.939356	28220967494.0	239062044.0	0.498402	99.18496264933523	67.20558693753591
S074_BJ20190416015PES-f_ffpedna_wesplus_24955_S14_L001_R1_001	43.4821	0.935591	19480133324.0	175679436.0	0.488779	99.08081829693806	61.777741632513994
S075_BJ20190416112PTS-a_atdna_wesplus_24956_S15_L001_R1_001	45.784000000000006	0.932869	36005644115.0	285332950.0	0.487054	99.23274920499856	45.562921294014224
S076_BJ20190416105PES-e_ffpedna_wesplus_24957_S16_L001_R1_001	46.0651	0.927684	48788217321.0	373797038.0	0.514919	99.10534262894727	31.07153953840035
S077_BJ20190416126PTS-0_atdna_wesplus_24958_S6_L004_R1_001	38.6204	0.939938	36239823814.0	294442520.0	0.461746	99.11336909148638	50.430676958444764
S080_BJ20190416129PES-e_ffpedna_wesplus_24961_S9_L004_R1_001	31.6391	0.914736	21169741714.0	163752680.0	0.493778	98.95573585072766	27.532368480642965
S081_BJ20190416130PTS-6_atdna_wesplus_24962_S10_L004_R1_001	34.2324	0.91779	17709921172.0	144186092.0	0.481575	98.82634384337959	44.10197592382723
S081_SZ20200107025PES-3_ffpedna_wesplus_38716_S31_L004_R1_001	24.415200000000002	0.951347	13416881964.0	103652636.0	0.497456	98.87115383584472	43.95091521645498
S082_SZ20200107026PES-7_ffpedna_wesplus_38717_S32_L004_R1_001	27.7076	0.951626	18736476351.0	141151372.0	0.487003	99.05919453242915	36.090833317566364
S083_SZ20200107027PES-d_ffpedna_wesplus_38718_S33_L004_R1_001	23.494	0.953365	12549464261.0	96465088.0	0.483212	98.9634357701676	45.25856778510584
S084_SZ20200107028PES-6_ffpedna_wesplus_38719_S34_L004_R1_001	24.293699999999998	0.953074	12003555904.0	93533634.0	0.485723	98.84848995325989	47.92370541567858
S085_BJ20190416135PES-0_ffpedna_wesplus_24966_S14_L004_R1_001	33.5362	0.921663	18101399237.0	146871658.0	0.4851	99.02896076579842	45.94512167822843
S085_SZ20200107030PES-3_ffpedna_wesplus_38720_S35_L004_R1_001	24.2049	0.951696	11455611842.0	90249264.0	0.483308	98.91096224503258	50.855710098055376
S086_BJ20190416136PTS-6_atdna_wesplus_24967_S15_L004_R1_001	34.1295	0.916927	18640403385.0	151273880.0	0.461236	98.92338387846151	43.181605177140575
S086_SZ20200107031PES-e_ffpedna_wesplus_38721_S36_L004_R1_001	22.3083	0.951432	11117283542.0	91404468.0	0.483025	98.96956068173571	62.57146817587941
S087_BJ20190416141PES-5_ffpedna_wesplus_24968_S16_L004_R1_001	34.0562	0.914096	19083052895.0	149711014.0	0.492544	98.88656633740986	30.82227886633948
S087_SZ20191229038PTS-0_ffpedna_wesplus_38722_S37_L004_R1_001	20.985799999999998	0.953882	11521332127.0	89665212.0	0.490406	98.99351330984595	47.670332032721475
S088_BJ20190416142PTS-e_atdna_wesplus_24969_S17_L004_R1_001	32.49	0.916358	20434289263.0	160781738.0	0.485083	98.92129822175045	34.596019272303714
S088_SZ20191229039PTS-6_ffpedna_wesplus_38723_S38_L004_R1_001	23.1357	0.950871	13809851669.0	107236916.0	0.486298	98.99192599961643	44.353959964460834
S089_BJ20190416143PES-c_ffpedna_wesplus_24970_S18_L004_R1_001	34.3968	0.917826	20376004348.0	161158080.0	0.507881	98.80542717284374	36.35194907553228
S089_SZ20191229046PES-6_ffpedna_wesplus_38724_S39_L004_R1_001	33.7032	0.953319	36930284639.0	292558970.0	0.500483	99.02140204726183	51.73772883041151
S090_BJ20190416144PTS-c_atdna_wesplus_24971_S19_L004_R1_001	37.7718	0.91184	22496445323.0	176479586.0	0.474288	98.87369553842495	32.503973361499405
S090_SZ20191229044PES-f_ffpedna_wesplus_38725_S40_L004_R1_001	33.6054	0.949963	23403904593.0	186070366.0	0.514277	98.58012789166305	45.956071717577466
S090_SZ20191229061PTS-2_ffpedna_wesplus_38830_S45_L004_R1_001	29.0775	0.953725	12827269202.0	102462808.0	0.500619	98.34655427631752	54.14620339817482
S091_BJ20190416145PES-0_ffpedna_wesplus_24972_S20_L004_R1_001	33.8912	0.912929	19716795133.0	153903112.0	0.495226	98.86373879348542	30.562849240818924
S091_SZ20191229035PES-4_ffpedna_wesplus_38726_S41_L004_R1_001	38.114599999999996	0.952621	34128115618.0	289248890.0	0.505516	98.53856241466374	65.38612193436414
S091_SZ20191229063PTS-8_ffpedna_wesplus_38831_S46_L004_R1_001	25.782100000000003	0.951756	9658832873.0	83909930.0	0.520001	96.77111281959635	70.50049586154663
S092_BJ20190416146PTS-5_atdna_wesplus_24973_S21_L004_R1_001	34.7481	0.909554	21882260287.0	169441056.0	0.464645	98.96892475734629	26.403146491284357
S092_SZ20191229036PES-4_ffpedna_wesplus_38727_S42_L004_R1_001	33.7449	0.951389	28311527573.0	238181692.0	0.489467	98.5855724015736	63.684083142519164
S092_SZ20191229077PES-5_ffpedna_wesplus_38832_S47_L004_R1_001	30.041800000000002	0.953094	14063368430.0	113674450.0	0.494125	98.56938558723132	59.754943572341425
S093_SZ20191229037PES-e_ffpedna_wesplus_38728_S43_L004_R1_001	33.8508	0.95177	27962446831.0	236850962.0	0.506453	98.5368627090324	65.42119018783683
S094_SZ20191229047PES-7_ffpedna_wesplus_38729_S44_L004_R1_001	35.144	0.951927	38217617269.0	297683242.0	0.496681	98.95968731153759	45.58542910135882
S095_SZ20191229050PES-5_ffpedna_wesplus_38730_S45_L004_R1_001	35.9146	0.952895	33038295289.0	256295406.0	0.51153	99.01715808414754	42.05405322624237
S098_BJ20190416150PTS-f_atdna_wesplus_24979_S1_L002_R1_001	40.0161	0.941362	20242106479.0	169356496.0	0.507854	99.1426964900968	59.860820350197095
S098_BJ20190416159PES-e_ffpedna_wesplus_25216_S36_L004_R1_001	48.6705	0.948517	50627486935.0	392377446.0	0.506589	99.049098234106	41.72773922155
S099_BJ20190416160PTS-9_atdna_wesplus_25217_S37_L004_R1_001	54.4682	0.954074	58793744776.0	441699652.0	0.481737	99.25869538879243	35.05216420463634
S099_BJ20190416161PES-6_ffpedna_wesplus_24980_S2_L002_R1_001	39.8737	0.92295	31122842049.0	239430704.0	0.497649	99.16144773946152	29.212388734229105
S100_BJ20190416072PTS-e_atdna_wesplus_25218_S38_L004_R1_001	53.1813	0.957514	38886089831.0	336522896.0	0.515707	98.91148977450874	70.39497834932182
S100_BJ20190416168PTS-d_atdna_wesplus_24981_S3_L002_R1_001	39.5259	0.930022	36876618242.0	280443966.0	0.466796	99.33005721151874	29.743163107975544
S101_BJ20190416155PES-9_ffpedna_wesplus_25219_S39_L004_R1_001	55.4879	0.956301	38629493681.0	343047154.0	0.540973	98.62898677096726	71.7644566496548
S101_BJ20190416169PES-d_ffpedna_wesplus_24982_S4_L002_R1_001	41.245	0.93106	43651506596.0	341290016.0	0.497606	99.24645744339206	37.49977535853737
S102_BJ20190416149PES-8_ffpedna_wesplus_25220_S40_L004_R1_001	54.30629999999999	0.956756	29959417284.0	277884914.0	0.538053	98.45766464377562	78.08831604053842
S102_BJ20190416170PTS-0_atdna_wesplus_24983_S5_L002_R1_001	40.199	0.929686	29409771440.0	231122210.0	0.475776	99.29392094334166	41.022212377320855
S103_BJ20190416061PES-3_ffpedna_wesplus_25221_S41_L004_R1_001	46.4389	0.95528	38011582161.0	298747938.0	0.512184	99.12475834295466	46.82907215480151
S103_BJ20190416171PES-9_ffpedna_wesplus_24984_S6_L002_R1_001	35.992000000000004	0.928619	31934600489.0	245876994.0	0.507528	99.25721848953518	31.394490947108633
S104_BJ20190416067PES-a_ffpedna_wesplus_25222_S42_L004_R1_001	54.3724	0.957262	39224545289.0	368972772.0	0.53722	98.64157849593064	78.77531009546584
S104_BJ20190416172PTS-6_atdna_wesplus_24985_S7_L002_R1_001	37.7856	0.927344	38585755010.0	294071750.0	0.482754	99.24834883954541	28.745116029529154
S105_BJ20190416173PES-0_ffpedna_wesplus_24986_S8_L002_R1_001	38.7748	0.931754	34190819289.0	277345122.0	0.492273	99.21349768018415	48.22547770162909
S106_BJ20190416059PES-f_ffpedna_wesplus_24987_S9_L002_R1_001	35.8931	0.934494	29344983482.0	238293214.0	0.521001	99.15053986239411	51.21463785584209
S107_BJ20190416060PTS-7_atdna_wesplus_24988_S10_L002_R1_001	40.8404	0.931957	30110082761.0	237039054.0	0.471831	99.34242295543999	42.34548027848478
S108_BJ20190416062PTS-b_atdna_wesplus_24989_S11_L002_R1_001	42.9323	0.932986	37932386699.0	300155698.0	0.484849	99.28024429640779	45.54429923780284
S109_BJ20190416054PTS-2_atdna_wesplus_24990_S12_L002_R1_001	44.677299999999995	0.932677	39670307190.0	310239136.0	0.481063	99.3095934557254	41.481713504226164
S110_BJ20190416071PES-b_ffpedna_wesplus_24991_S13_L002_R1_001	42.7864	0.935664	37643429914.0	296813932.0	0.494006	99.11021105811012	44.76865563643166
S111_BJ20190416005PES-a_ffpedna_wesplus_24470_S36_L004_R1_001	46.8299	0.95125	22706945366.0	182758680.0	0.492234	98.99708983504775	51.42595894264841
S111_BJ20190416073PES-3_ffpedna_wesplus_24992_S14_L002_R1_001	41.4461	0.931404	35233761143.0	285327894.0	0.492375	99.24960235167048	49.862174458692785
S112_BJ20190416074PTS-7_atdna_wesplus_24993_S15_L002_R1_001	41.7709	0.929363	35064118257.0	267824514.0	0.47148	99.27619966585608	31.20117410086774
S113_BJ20190416025PES-0_ffpedna_wesplus_24472_S38_L004_R1_001	48.065799999999996	0.955091	35908956360.0	280610878.0	0.520694	99.15730652325472	47.58080038993106
S113_BJ20190416075PES-1_ffpedna_wesplus_24994_S16_L002_R1_001	42.5495	0.928722	38748892137.0	303027238.0	0.497209	99.20276626568956	38.20033378370178
S114_BJ20190416009PES-8_ffpedna_wesplus_24473_S39_L004_R1_001	47.612700000000004	0.953874	27157750497.0	226980698.0	0.506653	99.16809764856552	59.55678069590957
S114_BJ20190416106PTS-0_atdna_wesplus_24995_S17_L002_R1_001	39.874500000000005	0.928729	28119352410.0	221323762.0	0.4883	99.0891297481688	41.28761726687115
S114_SZ20200107033PES-1_ffpedna_wesplus_38854_S69_L004_R1_001	24.9104	0.951383	13933287033.0	103701030.0	0.505167	98.80926395966655	30.940499729415855
S115_BJ20190416027PES-c_ffpedna_wesplus_24474_S40_L004_R1_001	42.9354	0.954173	29177255283.0	243309882.0	0.507829	99.20827185769156	59.84724878949621
S115_BJ20190416107PES-5_ffpedna_wesplus_24996_S18_L002_R1_001	41.2091	0.937166	31135689121.0	252518460.0	0.500734	99.22725420394356	52.67712339897527
S115_SZ20200107034PES-9_ffpedna_wesplus_38855_S70_L004_R1_001	26.7374	0.952029	14471967910.0	108686964.0	0.504403	98.95266751122473	35.56803813668953
S116_BJ20190416097PES-b_ffpedna_wesplus_24475_S41_L004_R1_001	47.2913	0.9548	27998257900.0	227999504.0	0.492704	99.25767029464399	56.98436344372102
S116_BJ20190416108PTS-a_atdna_wesplus_24997_S19_L002_R1_001	46.6829	0.929045	36813474159.0	281466676.0	0.487792	99.1748479101375	30.940751012245833
S116_SZ20191229048PTS-e_ffpedna_wesplus_38856_S71_L004_R1_001	24.0887	0.947212	11666103591.0	90426114.0	0.507603	98.87058112443086	43.475182942490015
S117_BJ20190416115PES-2_ffpedna_wesplus_24476_S42_L004_R1_001	48.513400000000004	0.953199	33418289877.0	278058438.0	0.515505	99.05596985854467	60.95536574768102
S117_BJ20190416121PES-f_ffpedna_wesplus_24998_S20_L002_R1_001	38.5335	0.938129	26121048823.0	210691948.0	0.527815	99.16841540635832	48.76941319453103
S117_SZ20191229049PTS-a_ffpedna_wesplus_38857_S72_L004_R1_001	25.995	0.949224	13732425218.0	103949214.0	0.502867	98.87676101366083	34.66521797244777
S118_BJ20190416119PES-4_ffpedna_wesplus_24477_S43_L004_R1_001	44.912800000000004	0.955521	29394437834.0	241003906.0	0.523374	98.97039603606416	56.09707673866834
S118_BJ20190416122PTS-9_atdna_wesplus_24999_S21_L002_R1_001	40.305400000000006	0.932857	27152334894.0	215643480.0	0.47448	99.30006830430362	45.40582689881055
S118_SZ20200107037PES-2_ffpedna_wesplus_38858_S73_L004_R1_001	25.281399999999998	0.950447	13723169794.0	106634222.0	0.506138	98.97816033997907	44.467722321365606
S119_BJ20190416123PES-1_ffpedna_wesplus_25000_S22_L002_R1_001	40.3336	0.936137	33225067024.0	263392888.0	0.531297	99.13383817179621	44.00922669641716
S119_SZ20200107036PES-4_ffpedna_wesplus_38859_S74_L004_R1_001	26.4081	0.951767	13242750567.0	104514766.0	0.50386	98.9682226023075	51.57534961053884
S120_BJ20190416124PTS-2_atdna_wesplus_25001_S23_L002_R1_001	42.1307	0.931674	34389415258.0	269206128.0	0.501222	99.24865903809386	38.9180437682227
S120_SZ20200107039PES-5_ffpedna_wesplus_38860_S75_L004_R1_001	27.741100000000003	0.950818	13195396169.0	106250624.0	0.498162	98.69073231381437	55.95138867680182
S121_BJ20190416125PES-2_ffpedna_wesplus_25002_S24_L002_R1_001	39.156400000000005	0.9378	26480234356.0	220102248.0	0.510016	99.05772894064093	56.4047490049503
S121_SZ20200107040PES-b_ffpedna_wesplus_38861_S76_L004_R1_001	23.6833	0.953643	13276973764.0	101999692.0	0.506818	98.90543736998865	43.12279036585988
S134_SZ20191229067PES-8_ffpedna_wesplus_38995_S35_L004_R1_001	32.9422	0.950332	30949332563.0	227309222.0	0.51204	98.86046989671644	25.236459605137117
S135_SZ20191229072PES-8_ffpedna_wesplus_38996_S36_L004_R1_001	35.0912	0.951976	38678245080.0	297419164.0	0.516742	98.88557617324764	43.69730119085805
S136_SZ20191229073PES-3_ffpedna_wesplus_38997_S37_L004_R1_001	32.6293	0.950058	35636069841.0	269581234.0	0.516726	98.94412879135444	36.09475132391028
S137_SZ20191229076PES-a_ffpedna_wesplus_38998_S38_L004_R1_001	37.202400000000004	0.954939	31367450775.0	255263040.0	0.506481	98.96661950655442	61.36757352006752
S138_SZ20191229078PES-4_ffpedna_wesplus_38999_S39_L004_R1_001	37.412600000000005	0.945506	36146422691.0	272956000.0	0.493665	98.72807826386676	29.81313288886287
S139_SZ20191229079PES-c_ffpedna_wesplus_39000_S40_L004_R1_001	33.574799999999996	0.952326	34348453484.0	267700312.0	0.50106	98.93121155684315	48.344679132344496
S140_SZ20191229059PES-4_ffpedna_wesplus_39001_S41_L004_R1_001	27.5063	0.950833	18747733797.0	149450902.0	0.52903	97.2101486652597	49.867360495985366
S141_SZ20191229060PES-7_ffpedna_wesplus_39002_S42_L004_R1_001	28.8323	0.95118	18520496736.0	149406672.0	0.519228	96.80952349603467	53.82538125049925
S142_SZ20191229062PES-a_ffpedna_wesplus_39003_S43_L004_R1_001	28.461	0.951129	16200950904.0	135424816.0	0.527346	96.76353975449601	62.246058687236264
S143_SZ20191229064PES-d_ffpedna_wesplus_39004_S44_L004_R1_001	29.0583	0.954607	15357480546.0	134107212.0	0.556817	97.09323272669617	70.30315930615015
S144_SZ20191229066PES-a_ffpedna_wesplus_39005_S45_L004_R1_001	25.947300000000002	0.952674	16196457245.0	128691184.0	0.530972	97.82124172863602	52.226506212826905
S149_BJ20190416017PES-f_ffpedna_wesplus_25516_S21_L004_R1_001	37.4136	0.953123	39820006234.0	317182712.0	0.491269	99.13839104086662	46.69647719281084
S154_BJ20190424023PES-9_ffpedna_wesplus_25521_S26_L004_R1_001	41.976	0.96018	29108749969.0	234306452.0	0.497192	99.25205070354932	55.55166032459432
S155_BJ20190424025PTS-c_atdna_wesplus_25522_S27_L004_R1_001	44.5525	0.957732	33929372081.0	265848000.0	0.482569	99.27795312886207	50.03045990763485
S156_BJ20190424026PES-0_ffpedna_wesplus_25523_S28_L004_R1_001	43.087900000000005	0.957525	33159923325.0	264530482.0	0.520121	99.12794993363015	52.43079404884434
S157_BJ20190424009PES-4_ffpedna_wesplus_25524_S29_L004_R1_001	43.0359	0.957917	33342487484.0	257536850.0	0.51516	99.092731345746	47.83607323815805
S158_BJ20190424019PES-0_ffpedna_wesplus_25525_S30_L004_R1_001	40.7686	0.957712	33479209758.0	261729454.0	0.510814	99.00654387978574	50.681888802917186
S159_BJ20190424024PES-9_ffpedna_wesplus_25526_S31_L004_R1_001	41.7978	0.957182	36441412600.0	272256940.0	0.50284	99.12285012569477	34.72344577821949
